|Tau|fi|
|0.06771|-0.00334|
|0.13542|-0.00332|
|0.20313|-0.00331|
|0.27083|-0.00330|
|0.33854|-0.00328|
|0.40625|-0.00327|
|0.47396|-0.00326|
|0.54167|-0.00324|
|0.60938|-0.00323|
|0.67708|-0.00321|
|0.74479|-0.00320|
|0.81250|-0.00319|
|0.88021|-0.00317|
|0.94792|-0.00316|
|1.01562|-0.00314|
|1.08333|-0.00313|
|1.15104|-0.00312|
|1.21875|-0.00310|
|1.28646|-0.00309|
|1.35417|-0.00307|
|1.42188|-0.00306|
|1.48958|-0.00305|
|1.55729|-0.00303|
|1.62500|-0.00302|
|1.69271|-0.00300|
|1.76042|-0.00299|
|1.82813|-0.00297|
|1.89583|-0.00296|
|1.96354|-0.00295|
|2.03125|-0.00293|
|2.09896|-0.00292|
|2.16667|-0.00290|
|2.23438|-0.00289|
|2.30208|-0.00288|
|2.36979|-0.00286|
|2.43750|-0.00285|
|2.50521|-0.00283|
|2.57292|-0.00282|
|2.64062|-0.00280|
|2.70833|-0.00279|
|2.77604|-0.00278|
|2.84375|-0.00276|
|2.91146|-0.00275|
|2.97917|-0.00273|
|3.04687|-0.00272|
|3.11458|-0.00270|
|3.18229|-0.00269|
|3.25000|-0.00268|
|3.31771|-0.00266|
|3.38542|-0.00265|
|3.45312|-0.00263|
|3.52083|-0.00262|
|3.58854|-0.00260|
|3.65625|-0.00259|
|3.72396|-0.00258|
|3.79167|-0.00256|
|3.85937|-0.00255|
|3.92708|-0.00253|
|3.99479|-0.00252|
|4.06250|-0.00250|
|4.13021|-0.00249|
|4.19792|-0.00248|
|4.26562|-0.00246|
|4.33333|-0.00245|
|4.40104|-0.00243|
|4.46875|-0.00242|
|4.53646|-0.00241|
|4.60417|-0.00239|
|4.67187|-0.00238|
|4.73958|-0.00236|
|4.80729|-0.00235|
|4.87500|-0.00234|
|4.94271|-0.00232|
|5.01042|-0.00231|
|5.07813|-0.00229|
|5.14583|-0.00228|
|5.21354|-0.00227|
|5.28125|-0.00225|
|5.34896|-0.00224|
|5.41667|-0.00222|
|5.48438|-0.00221|
|5.55208|-0.00220|
|5.61979|-0.00218|
|5.68750|-0.00217|
|5.75521|-0.00215|
|5.82292|-0.00214|
|5.89063|-0.00213|
|5.95833|-0.00211|
|6.02604|-0.00210|
|6.09375|-0.00209|
|6.16146|-0.00207|
|6.22917|-0.00206|
|6.29688|-0.00204|
|6.36458|-0.00203|
|6.43229|-0.00202|
|6.50000|-0.00200|
|6.56771|-0.00199|
|6.63542|-0.00198|
|6.70313|-0.00196|
|6.77083|-0.00195|
|6.83854|-0.00194|
|6.90625|-0.00192|
|6.97396|-0.00191|
|7.04167|-0.00190|
|7.10938|-0.00188|
|7.17708|-0.00187|
|7.24479|-0.00186|
|7.31250|-0.00184|
|7.38021|-0.00183|
|7.44792|-0.00182|
|7.51563|-0.00180|
|7.58333|-0.00179|
|7.65104|-0.00178|
|7.71875|-0.00177|
|7.78646|-0.00175|
|7.85417|-0.00174|
|7.92188|-0.00173|
|7.98958|-0.00171|
|8.05729|-0.00170|
|8.12500|-0.00169|
|8.19271|-0.00167|
|8.26042|-0.00166|
|8.32813|-0.00165|
|8.39583|-0.00164|
|8.46354|-0.00162|
|8.53125|-0.00161|
|8.59896|-0.00160|
|8.66667|-0.00159|
|8.73438|-0.00157|
|8.80208|-0.00156|
|8.86979|-0.00155|
|8.93750|-0.00154|
|9.00521|-0.00152|
|9.07292|-0.00151|
|9.14063|-0.00150|
|9.20833|-0.00149|
|9.27604|-0.00148|
|9.34375|-0.00146|
|9.41146|-0.00145|
|9.47917|-0.00144|
|9.54688|-0.00143|
|9.61458|-0.00142|
|9.68229|-0.00140|
|9.75000|-0.00139|
|9.81771|-0.00138|
|9.88542|-0.00137|
|9.95312|-0.00136|
|10.02083|-0.00134|
|10.08854|-0.00133|
|10.15625|-0.00132|
|10.22396|-0.00131|
|10.29167|-0.00130|
|10.35937|-0.00129|
|10.42708|-0.00127|
|10.49479|-0.00126|
|10.56250|-0.00125|
|10.63021|-0.00124|
|10.69792|-0.00123|
|10.76562|-0.00122|
|10.83333|-0.00121|
|10.90104|-0.00120|
|10.96875|-0.00118|
|11.03646|-0.00117|
|11.10417|-0.00116|
|11.17187|-0.00115|
|11.23958|-0.00114|
|11.30729|-0.00113|
|11.37500|-0.00112|
|11.44271|-0.00111|
|11.51042|-0.00110|
|11.57812|-0.00109|
|11.64583|-0.00107|
|11.71354|-0.00106|
|11.78125|-0.00105|
|11.84896|-0.00104|
|11.91667|-0.00103|
|11.98437|-0.00102|
|12.05208|-0.00101|
|12.11979|-0.00100|
|12.18750|-0.00099|
|12.25521|-0.00098|
|12.32292|-0.00097|
|12.39062|-0.00096|
|12.45833|-0.00095|
|12.52604|-0.00094|
|12.59375|-0.00093|
|12.66146|-0.00092|
|12.72917|-0.00091|
|12.79687|-0.00090|
|12.86458|-0.00089|
|12.93229|-0.00088|
|13.00000|-0.00087|
|13.06771|-0.00086|
|13.13542|-0.00085|
|13.20312|-0.00084|
|13.27083|-0.00083|
|13.33854|-0.00082|
|13.40625|-0.00081|
|13.47396|-0.00080|
|13.54167|-0.00079|
|13.60937|-0.00078|
|13.67708|-0.00077|
|13.74479|-0.00076|
|13.81250|-0.00076|
|13.88021|-0.00075|
|13.94792|-0.00074|
|14.01562|-0.00073|
|14.08333|-0.00072|
|14.15104|-0.00071|
|14.21875|-0.00070|
|14.28646|-0.00069|
|14.35417|-0.00068|
|14.42187|-0.00067|
|14.48958|-0.00067|
|14.55729|-0.00066|
|14.62500|-0.00065|
|14.69271|-0.00064|
|14.76042|-0.00063|
|14.82812|-0.00062|
|14.89583|-0.00061|
|14.96354|-0.00060|
|15.03125|-0.00060|
|15.09896|-0.00059|
|15.16667|-0.00058|
|15.23437|-0.00057|
|15.30208|-0.00056|
|15.36979|-0.00055|
|15.43750|-0.00055|
|15.50521|-0.00054|
|15.57292|-0.00053|
|15.64062|-0.00052|
|15.70833|-0.00051|
|15.77604|-0.00051|
|15.84375|-0.00050|
|15.91146|-0.00049|
|15.97917|-0.00048|
|16.04687|-0.00048|
|16.11458|-0.00047|
|16.18229|-0.00046|
|16.25000|-0.00045|
|16.31771|-0.00044|
|16.38542|-0.00044|
|16.45312|-0.00043|
|16.52083|-0.00042|
|16.58854|-0.00042|
|16.65625|-0.00041|
|16.72396|-0.00040|
|16.79167|-0.00039|
|16.85937|-0.00039|
|16.92708|-0.00038|
|16.99479|-0.00037|
|17.06250|-0.00036|
|17.13021|-0.00036|
|17.19792|-0.00035|
|17.26562|-0.00034|
|17.33333|-0.00034|
|17.40104|-0.00033|
|17.46875|-0.00032|
|17.53646|-0.00032|
|17.60417|-0.00031|
|17.67187|-0.00030|
|17.73958|-0.00030|
|17.80729|-0.00029|
|17.87500|-0.00028|
|17.94271|-0.00028|
|18.01042|-0.00027|
|18.07812|-0.00026|
|18.14583|-0.00026|
|18.21354|-0.00025|
|18.28125|-0.00025|
|18.34896|-0.00024|
|18.41667|-0.00023|
|18.48437|-0.00023|
|18.55208|-0.00022|
|18.61979|-0.00021|
|18.68750|-0.00021|
|18.75521|-0.00020|
|18.82292|-0.00020|
|18.89062|-0.00019|
|18.95833|-0.00019|
|19.02604|-0.00018|
|19.09375|-0.00017|
|19.16146|-0.00017|
|19.22917|-0.00016|
|19.29688|-0.00016|
|19.36458|-0.00015|
|19.43229|-0.00015|
|19.50000|-0.00014|
|19.56771|-0.00013|
|19.63542|-0.00013|
|19.70313|-0.00012|
|19.83854|-0.00011|
|19.97396|-0.00010|
|20.10938|-0.00009|
|20.24479|-0.00008|
|20.38021|-0.00007|
|20.51563|-0.00006|
|20.65104|-0.00005|
|20.78646|-0.00004|
|20.92187|-0.00003|
|21.05729|-0.00003|
|21.19271|-0.00002|
|21.32812|-0.00001|
|21.46354|0.00000|
|21.59896|0.00001|
|21.73437|0.00002|
|21.86979|0.00003|
|22.00521|0.00003|
|22.14062|0.00004|
|22.27604|0.00005|
|22.41146|0.00006|
|22.54687|0.00007|
|22.68229|0.00007|
|22.81771|0.00008|
|22.95312|0.00009|
|23.08854|0.00009|
|23.22396|0.00010|
|23.35937|0.00011|
|23.49479|0.00011|
|23.63021|0.00012|
|23.76562|0.00013|
|23.90104|0.00013|
|24.03646|0.00014|
|24.17187|0.00014|
|24.30729|0.00015|
|24.44271|0.00016|
|24.57812|0.00016|
|24.71354|0.00017|
|24.84896|0.00017|
|24.98437|0.00018|
|25.11979|0.00018|
|25.25521|0.00019|
|25.39062|0.00019|
|25.52604|0.00020|
|25.66146|0.00020|
|25.79687|0.00020|
|25.93229|0.00021|
|26.06771|0.00021|
|26.20312|0.00022|
|26.33854|0.00022|
|26.47396|0.00022|
|26.60937|0.00023|
|26.74479|0.00023|
|26.88021|0.00023|
|27.01562|0.00024|
|27.15104|0.00024|
|27.28646|0.00024|
|27.42187|0.00025|
|27.55729|0.00025|
|27.69271|0.00025|
|27.82812|0.00026|
|27.96354|0.00026|
|28.09896|0.00026|
|28.23437|0.00026|
|28.36979|0.00027|
|28.50521|0.00027|
|28.64062|0.00027|
|28.77604|0.00027|
|28.91146|0.00027|
|29.04687|0.00028|
|29.18229|0.00028|
|29.31771|0.00028|
|29.45312|0.00028|
|29.58854|0.00028|
|29.72396|0.00028|
|29.85937|0.00029|
|29.99479|0.00029|
|30.13021|0.00029|
|30.26562|0.00029|
|30.40104|0.00029|
|30.53646|0.00029|
|30.67187|0.00029|
|30.80729|0.00029|
|30.94271|0.00029|
|31.07812|0.00029|
|31.21354|0.00029|
|31.34896|0.00030|
|31.48437|0.00030|
|31.61979|0.00030|
|31.75521|0.00030|
|31.89062|0.00030|
|32.02604|0.00030|
|32.16146|0.00030|
|32.29687|0.00030|
|32.43229|0.00030|
|32.56771|0.00030|
|32.70312|0.00030|
|32.83854|0.00030|
|32.97396|0.00030|
|33.10937|0.00030|
|33.24479|0.00030|
|33.38021|0.00030|
|33.51562|0.00030|
|33.65104|0.00030|
|33.78646|0.00029|
|33.92187|0.00029|
|34.05729|0.00029|
|34.19271|0.00029|
|34.32812|0.00029|
|34.46354|0.00029|
|34.59896|0.00029|
|34.73437|0.00029|
|34.86979|0.00029|
|35.00521|0.00029|
|35.14062|0.00029|
|35.27604|0.00029|
|35.41146|0.00028|
|35.54687|0.00028|
|35.68229|0.00028|
|35.81771|0.00028|
|35.95312|0.00028|
|36.08854|0.00028|
|36.22396|0.00028|
|36.35937|0.00028|
|36.49479|0.00027|
|36.63021|0.00027|
|36.76562|0.00027|
|36.90104|0.00027|
|37.03646|0.00027|
|37.17187|0.00027|
|37.30729|0.00027|
|37.44271|0.00026|
|37.57812|0.00026|
|37.71354|0.00026|
|37.84896|0.00026|
|37.98438|0.00026|
|38.11979|0.00026|
|38.25521|0.00025|
|38.39063|0.00025|
|38.52604|0.00025|
|38.66146|0.00025|
|38.79688|0.00025|
|38.93229|0.00025|
|39.06771|0.00024|
|39.20313|0.00024|
|39.33854|0.00024|
|39.47396|0.00024|
|39.60938|0.00024|
|39.74479|0.00023|
|39.88021|0.00023|
|40.01563|0.00023|
|40.15104|0.00023|
|40.28646|0.00023|
|40.42188|0.00022|
|40.55729|0.00022|
|40.69271|0.00022|
|40.82813|0.00022|
|40.96354|0.00022|
|41.09896|0.00021|
|41.23438|0.00021|
|41.36979|0.00021|
|41.50521|0.00021|
|41.64063|0.00021|
|41.77604|0.00020|
|41.91146|0.00020|
|42.04688|0.00020|
|42.18229|0.00020|
|42.31771|0.00020|
|42.45313|0.00019|
|42.58854|0.00019|
|42.72396|0.00019|
|42.85938|0.00019|
|42.99479|0.00019|
|43.13021|0.00018|
|43.26563|0.00018|
|43.40104|0.00018|
|43.53646|0.00018|
|43.67188|0.00018|
|43.80729|0.00017|
|43.94271|0.00017|
|44.07813|0.00017|
|44.21354|0.00017|
|44.34896|0.00016|
|44.48438|0.00016|
|44.61979|0.00016|
|44.75521|0.00016|
|44.89063|0.00016|
|45.02604|0.00015|
|45.16146|0.00015|
|45.29688|0.00015|
|45.43229|0.00015|
|45.56771|0.00015|
|45.70313|0.00014|
|45.83854|0.00014|
|45.97396|0.00014|
|46.10938|0.00014|
|46.24479|0.00014|
|46.38021|0.00013|
|46.51563|0.00013|
|46.65104|0.00013|
|46.78646|0.00013|
|46.92188|0.00013|
|47.05729|0.00012|
|47.19271|0.00012|
|47.32813|0.00012|
|47.46354|0.00012|
|47.59896|0.00012|
|47.73438|0.00011|
|47.86979|0.00011|
|48.00521|0.00011|
|48.14063|0.00011|
|48.27604|0.00011|
|48.41146|0.00010|
|48.54688|0.00010|
|48.68229|0.00010|
|48.81771|0.00010|
|48.95313|0.00010|
|49.08854|0.00009|
|49.22396|0.00009|
|49.35938|0.00009|
|49.63021|0.00009|
|49.90104|0.00008|
|50.17188|0.00008|
|50.44271|0.00008|
|50.71354|0.00007|
|50.98438|0.00007|
|51.25521|0.00007|
|51.52604|0.00006|
|51.79688|0.00006|
|52.06771|0.00006|
|52.33854|0.00005|
|52.60938|0.00005|
|52.88021|0.00005|
|53.42188|0.00004|
|53.96354|0.00004|
|54.50521|0.00003|
|55.04688|0.00003|
|56.13021|0.00002|
|58.29688|-0.00000|
|60.46354|-0.00001|
|62.63021|-0.00002|
|66.96354|-0.00004|
|71.29688|-0.00004|
|75.63021|-0.00004|
|79.96354|-0.00003|
|84.29688|-0.00002|
|88.63021|-0.00001|
|92.96354|-0.00001|
|97.29688|-0.00000|
|101.63021|-0.00000|
|105.96354|0.00000|
|114.63021|0.00000|
|123.29688|0.00000|
|131.96354|-0.00000|
|140.63021|-0.00000|
|157.96354|-0.00000|
|175.29688|-0.00000|
|192.63021|0.00000|
|209.96354|0.00000|
|227.29688|0.00000|
|244.63021|-0.00000|
|279.29688|-0.00000|
|313.96354|-0.00000|
