|Tau|fi|
|0.00846|-0.02917|
|0.01693|-0.02915|
|0.02539|-0.02913|
|0.03385|-0.02911|
|0.04232|-0.02909|
|0.05078|-0.02906|
|0.05924|-0.02904|
|0.06771|-0.02902|
|0.07617|-0.02900|
|0.08464|-0.02898|
|0.09310|-0.02895|
|0.10156|-0.02893|
|0.11003|-0.02891|
|0.11849|-0.02889|
|0.12695|-0.02886|
|0.13542|-0.02884|
|0.14388|-0.02882|
|0.15234|-0.02880|
|0.16081|-0.02877|
|0.16927|-0.02875|
|0.17773|-0.02873|
|0.18620|-0.02871|
|0.19466|-0.02868|
|0.20313|-0.02866|
|0.21159|-0.02864|
|0.22005|-0.02862|
|0.22852|-0.02859|
|0.23698|-0.02857|
|0.24544|-0.02855|
|0.25391|-0.02852|
|0.26237|-0.02850|
|0.27083|-0.02848|
|0.27930|-0.02845|
|0.28776|-0.02843|
|0.29622|-0.02841|
|0.30469|-0.02838|
|0.31315|-0.02836|
|0.32161|-0.02834|
|0.33008|-0.02831|
|0.33854|-0.02829|
|0.34701|-0.02827|
|0.35547|-0.02824|
|0.36393|-0.02822|
|0.37240|-0.02819|
|0.38086|-0.02817|
|0.38932|-0.02815|
|0.39779|-0.02812|
|0.40625|-0.02810|
|0.41471|-0.02807|
|0.42318|-0.02805|
|0.43164|-0.02803|
|0.44010|-0.02800|
|0.44857|-0.02798|
|0.45703|-0.02795|
|0.46549|-0.02793|
|0.47396|-0.02790|
|0.48242|-0.02788|
|0.49089|-0.02786|
|0.49935|-0.02783|
|0.50781|-0.02781|
|0.51628|-0.02778|
|0.52474|-0.02776|
|0.53320|-0.02773|
|0.54167|-0.02771|
|0.55013|-0.02768|
|0.55859|-0.02766|
|0.56706|-0.02763|
|0.57552|-0.02761|
|0.58398|-0.02758|
|0.59245|-0.02756|
|0.60091|-0.02754|
|0.60938|-0.02751|
|0.61784|-0.02749|
|0.62630|-0.02746|
|0.63477|-0.02743|
|0.64323|-0.02741|
|0.65169|-0.02738|
|0.66016|-0.02736|
|0.66862|-0.02733|
|0.67708|-0.02731|
|0.68555|-0.02728|
|0.69401|-0.02726|
|0.70247|-0.02723|
|0.71094|-0.02721|
|0.71940|-0.02718|
|0.72786|-0.02716|
|0.73633|-0.02713|
|0.74479|-0.02711|
|0.75326|-0.02708|
|0.76172|-0.02705|
|0.77018|-0.02703|
|0.77865|-0.02700|
|0.78711|-0.02698|
|0.79557|-0.02695|
|0.80404|-0.02692|
|0.81250|-0.02690|
|0.82096|-0.02687|
|0.82943|-0.02685|
|0.83789|-0.02682|
|0.84635|-0.02680|
|0.85482|-0.02677|
|0.86328|-0.02674|
|0.87174|-0.02672|
|0.88021|-0.02669|
|0.88867|-0.02666|
|0.89714|-0.02664|
|0.90560|-0.02661|
|0.91406|-0.02659|
|0.92253|-0.02656|
|0.93099|-0.02653|
|0.93945|-0.02651|
|0.94792|-0.02648|
|0.95638|-0.02645|
|0.96484|-0.02643|
|0.97331|-0.02640|
|0.98177|-0.02637|
|0.99023|-0.02635|
|0.99870|-0.02632|
|1.00716|-0.02629|
|1.01563|-0.02627|
|1.02409|-0.02624|
|1.03255|-0.02621|
|1.04102|-0.02619|
|1.04948|-0.02616|
|1.05794|-0.02613|
|1.06641|-0.02611|
|1.07487|-0.02608|
|1.08333|-0.02605|
|1.09180|-0.02603|
|1.10026|-0.02600|
|1.10872|-0.02597|
|1.11719|-0.02594|
|1.12565|-0.02592|
|1.13411|-0.02589|
|1.14258|-0.02586|
|1.15104|-0.02584|
|1.15951|-0.02581|
|1.16797|-0.02578|
|1.17643|-0.02575|
|1.18490|-0.02573|
|1.19336|-0.02570|
|1.20182|-0.02567|
|1.21029|-0.02565|
|1.21875|-0.02562|
|1.22721|-0.02559|
|1.23568|-0.02556|
|1.24414|-0.02554|
|1.25260|-0.02551|
|1.26107|-0.02548|
|1.26953|-0.02545|
|1.27799|-0.02543|
|1.28646|-0.02540|
|1.29492|-0.02537|
|1.30339|-0.02534|
|1.31185|-0.02532|
|1.32031|-0.02529|
|1.32878|-0.02526|
|1.33724|-0.02523|
|1.34570|-0.02520|
|1.35417|-0.02518|
|1.36263|-0.02515|
|1.37109|-0.02512|
|1.37956|-0.02509|
|1.38802|-0.02507|
|1.39648|-0.02504|
|1.40495|-0.02501|
|1.41341|-0.02498|
|1.42187|-0.02495|
|1.43034|-0.02493|
|1.43880|-0.02490|
|1.44727|-0.02487|
|1.45573|-0.02484|
|1.46419|-0.02481|
|1.47266|-0.02478|
|1.48112|-0.02476|
|1.48958|-0.02473|
|1.49805|-0.02470|
|1.50651|-0.02467|
|1.51497|-0.02464|
|1.52344|-0.02462|
|1.53190|-0.02459|
|1.54036|-0.02456|
|1.54883|-0.02453|
|1.55729|-0.02450|
|1.56576|-0.02447|
|1.57422|-0.02445|
|1.58268|-0.02442|
|1.59115|-0.02439|
|1.59961|-0.02436|
|1.60807|-0.02433|
|1.61654|-0.02430|
|1.62500|-0.02427|
|1.63346|-0.02425|
|1.64193|-0.02422|
|1.65039|-0.02419|
|1.65885|-0.02416|
|1.66732|-0.02413|
|1.67578|-0.02410|
|1.68424|-0.02407|
|1.69271|-0.02405|
|1.70117|-0.02402|
|1.70964|-0.02399|
|1.71810|-0.02396|
|1.72656|-0.02393|
|1.73503|-0.02390|
|1.74349|-0.02387|
|1.75195|-0.02384|
|1.76042|-0.02382|
|1.76888|-0.02379|
|1.77734|-0.02376|
|1.78581|-0.02373|
|1.79427|-0.02370|
|1.80273|-0.02367|
|1.81120|-0.02364|
|1.81966|-0.02361|
|1.82812|-0.02359|
|1.83659|-0.02356|
|1.84505|-0.02353|
|1.85352|-0.02350|
|1.86198|-0.02347|
|1.87044|-0.02344|
|1.87891|-0.02341|
|1.88737|-0.02338|
|1.89583|-0.02335|
|1.90430|-0.02332|
|1.91276|-0.02329|
|1.92122|-0.02327|
|1.92969|-0.02324|
|1.93815|-0.02321|
|1.94661|-0.02318|
|1.95508|-0.02315|
|1.96354|-0.02312|
|1.97201|-0.02309|
|1.98047|-0.02306|
|1.98893|-0.02303|
|1.99740|-0.02300|
|2.00586|-0.02297|
|2.01432|-0.02294|
|2.02279|-0.02292|
|2.03125|-0.02289|
|2.03971|-0.02286|
|2.04818|-0.02283|
|2.05664|-0.02280|
|2.06510|-0.02277|
|2.07357|-0.02274|
|2.08203|-0.02271|
|2.09049|-0.02268|
|2.09896|-0.02265|
|2.10742|-0.02262|
|2.11589|-0.02259|
|2.12435|-0.02256|
|2.13281|-0.02253|
|2.14128|-0.02250|
|2.14974|-0.02248|
|2.15820|-0.02245|
|2.16667|-0.02242|
|2.17513|-0.02239|
|2.18359|-0.02236|
|2.19206|-0.02233|
|2.20052|-0.02230|
|2.20898|-0.02227|
|2.21745|-0.02224|
|2.22591|-0.02221|
|2.23437|-0.02218|
|2.24284|-0.02215|
|2.25130|-0.02212|
|2.25977|-0.02209|
|2.26823|-0.02206|
|2.27669|-0.02203|
|2.28516|-0.02200|
|2.29362|-0.02197|
|2.30208|-0.02194|
|2.31055|-0.02191|
|2.31901|-0.02188|
|2.32747|-0.02185|
|2.33594|-0.02182|
|2.34440|-0.02180|
|2.35286|-0.02177|
|2.36133|-0.02174|
|2.36979|-0.02171|
|2.37826|-0.02168|
|2.38672|-0.02165|
|2.39518|-0.02162|
|2.40365|-0.02159|
|2.41211|-0.02156|
|2.42057|-0.02153|
|2.42904|-0.02150|
|2.43750|-0.02147|
|2.44596|-0.02144|
|2.45443|-0.02141|
|2.46289|-0.02138|
|2.47135|-0.02135|
|2.47982|-0.02132|
|2.48828|-0.02129|
|2.49674|-0.02126|
|2.50521|-0.02123|
|2.51367|-0.02120|
|2.52214|-0.02117|
|2.53060|-0.02114|
|2.53906|-0.02111|
|2.54753|-0.02108|
|2.55599|-0.02105|
|2.56445|-0.02102|
|2.57292|-0.02099|
|2.58138|-0.02096|
|2.58984|-0.02093|
|2.59831|-0.02090|
|2.60677|-0.02087|
|2.61523|-0.02084|
|2.62370|-0.02081|
|2.63216|-0.02078|
|2.64063|-0.02075|
|2.64909|-0.02072|
|2.65755|-0.02069|
|2.66602|-0.02066|
|2.67448|-0.02063|
|2.68294|-0.02060|
|2.69141|-0.02057|
|2.69987|-0.02054|
|2.70833|-0.02051|
|2.71680|-0.02048|
|2.72526|-0.02045|
|2.73372|-0.02042|
|2.74219|-0.02039|
|2.75065|-0.02036|
|2.75911|-0.02033|
|2.76758|-0.02030|
|2.77604|-0.02027|
|2.78451|-0.02024|
|2.79297|-0.02021|
|2.80143|-0.02018|
|2.80990|-0.02015|
|2.81836|-0.02013|
|2.82682|-0.02010|
|2.83529|-0.02007|
|2.84375|-0.02004|
|2.85221|-0.02001|
|2.86068|-0.01998|
|2.86914|-0.01995|
|2.87760|-0.01992|
|2.88607|-0.01989|
|2.89453|-0.01986|
|2.90299|-0.01983|
|2.91146|-0.01980|
|2.91992|-0.01977|
|2.92839|-0.01974|
|2.93685|-0.01971|
|2.94531|-0.01968|
|2.95378|-0.01965|
|2.96224|-0.01962|
|2.97070|-0.01959|
|2.97917|-0.01956|
|2.98763|-0.01953|
|2.99609|-0.01950|
|3.00456|-0.01947|
|3.01302|-0.01944|
|3.02148|-0.01941|
|3.02995|-0.01938|
|3.03841|-0.01935|
|3.04688|-0.01932|
|3.05534|-0.01929|
|3.06380|-0.01926|
|3.07227|-0.01923|
|3.08073|-0.01920|
|3.08919|-0.01917|
|3.09766|-0.01914|
|3.10612|-0.01911|
|3.11458|-0.01908|
|3.12305|-0.01905|
|3.13151|-0.01902|
|3.13997|-0.01899|
|3.14844|-0.01896|
|3.15690|-0.01893|
|3.16536|-0.01890|
|3.17383|-0.01887|
|3.18229|-0.01884|
|3.19076|-0.01881|
|3.19922|-0.01878|
|3.20768|-0.01875|
|3.21615|-0.01872|
|3.22461|-0.01869|
|3.23307|-0.01866|
|3.24154|-0.01863|
|3.25000|-0.01860|
|3.25846|-0.01857|
|3.26693|-0.01854|
|3.27539|-0.01851|
|3.28385|-0.01848|
|3.29232|-0.01845|
|3.30078|-0.01842|
|3.30924|-0.01839|
|3.31771|-0.01836|
|3.32617|-0.01833|
|3.33464|-0.01830|
|3.34310|-0.01827|
|3.35156|-0.01824|
|3.36003|-0.01821|
|3.36849|-0.01818|
|3.37695|-0.01815|
|3.38542|-0.01812|
|3.39388|-0.01809|
|3.40234|-0.01806|
|3.41081|-0.01803|
|3.41927|-0.01800|
|3.42773|-0.01797|
|3.43620|-0.01795|
|3.44466|-0.01792|
|3.45313|-0.01789|
|3.46159|-0.01786|
|3.47005|-0.01783|
|3.47852|-0.01780|
|3.48698|-0.01777|
|3.49544|-0.01774|
|3.50391|-0.01771|
|3.51237|-0.01768|
|3.52083|-0.01765|
|3.52930|-0.01762|
|3.53776|-0.01759|
|3.54622|-0.01756|
|3.55469|-0.01753|
|3.56315|-0.01750|
|3.57161|-0.01747|
|3.58008|-0.01744|
|3.58854|-0.01741|
|3.59701|-0.01738|
|3.60547|-0.01735|
|3.61393|-0.01732|
|3.62240|-0.01729|
|3.63086|-0.01726|
|3.63932|-0.01723|
|3.64779|-0.01720|
|3.65625|-0.01717|
|3.66471|-0.01715|
|3.67318|-0.01712|
|3.68164|-0.01709|
|3.69010|-0.01706|
|3.69857|-0.01703|
|3.70703|-0.01700|
|3.71549|-0.01697|
|3.72396|-0.01694|
|3.73242|-0.01691|
|3.74089|-0.01688|
|3.74935|-0.01685|
|3.75781|-0.01682|
|3.76628|-0.01679|
|3.77474|-0.01676|
|3.78320|-0.01673|
|3.79167|-0.01670|
|3.80013|-0.01667|
|3.80859|-0.01664|
|3.81706|-0.01662|
|3.82552|-0.01659|
|3.83398|-0.01656|
|3.84245|-0.01653|
|3.85091|-0.01650|
|3.85938|-0.01647|
|3.86784|-0.01644|
|3.87630|-0.01641|
|3.88477|-0.01638|
|3.89323|-0.01635|
|3.90169|-0.01632|
|3.91016|-0.01629|
|3.91862|-0.01626|
|3.92708|-0.01623|
|3.93555|-0.01621|
|3.94401|-0.01618|
|3.95247|-0.01615|
|3.96094|-0.01612|
|3.96940|-0.01609|
|3.97786|-0.01606|
|3.98633|-0.01603|
|3.99479|-0.01600|
|4.00326|-0.01597|
|4.01172|-0.01594|
|4.02018|-0.01591|
|4.02865|-0.01588|
|4.03711|-0.01586|
|4.04557|-0.01583|
|4.05404|-0.01580|
|4.06250|-0.01577|
|4.07096|-0.01574|
|4.07943|-0.01571|
|4.08789|-0.01568|
|4.09635|-0.01565|
|4.10482|-0.01562|
|4.11328|-0.01559|
|4.12174|-0.01557|
|4.13021|-0.01554|
|4.13867|-0.01551|
|4.14714|-0.01548|
|4.15560|-0.01545|
|4.16406|-0.01542|
|4.17253|-0.01539|
|4.18099|-0.01536|
|4.18945|-0.01533|
|4.19792|-0.01531|
|4.20638|-0.01528|
|4.21484|-0.01525|
|4.22331|-0.01522|
|4.23177|-0.01519|
|4.24023|-0.01516|
|4.24870|-0.01513|
|4.25716|-0.01510|
|4.26563|-0.01508|
|4.27409|-0.01505|
|4.28255|-0.01502|
|4.29102|-0.01499|
|4.29948|-0.01496|
|4.30794|-0.01493|
|4.31641|-0.01490|
|4.32487|-0.01488|
|4.33333|-0.01485|
|4.34180|-0.01482|
|4.35026|-0.01479|
|4.35872|-0.01476|
|4.36719|-0.01473|
|4.37565|-0.01470|
|4.38411|-0.01468|
|4.39258|-0.01465|
|4.40104|-0.01462|
|4.40951|-0.01459|
|4.41797|-0.01456|
|4.42643|-0.01453|
|4.43490|-0.01450|
|4.44336|-0.01448|
|4.45182|-0.01445|
|4.46029|-0.01442|
|4.46875|-0.01439|
|4.47721|-0.01436|
|4.48568|-0.01433|
|4.49414|-0.01431|
|4.50260|-0.01428|
|4.51107|-0.01425|
|4.51953|-0.01422|
|4.52799|-0.01419|
|4.53646|-0.01417|
|4.54492|-0.01414|
|4.55339|-0.01411|
|4.56185|-0.01408|
|4.57031|-0.01405|
|4.57878|-0.01402|
|4.58724|-0.01400|
|4.59570|-0.01397|
|4.60417|-0.01394|
|4.61263|-0.01391|
|4.62109|-0.01388|
|4.62956|-0.01386|
|4.63802|-0.01383|
|4.64648|-0.01380|
|4.65495|-0.01377|
|4.66341|-0.01374|
|4.67188|-0.01372|
|4.68034|-0.01369|
|4.68880|-0.01366|
|4.69727|-0.01363|
|4.70573|-0.01360|
|4.71419|-0.01358|
|4.72266|-0.01355|
|4.73112|-0.01352|
|4.73958|-0.01349|
|4.74805|-0.01347|
|4.75651|-0.01344|
|4.76497|-0.01341|
|4.77344|-0.01338|
|4.78190|-0.01335|
|4.79036|-0.01333|
|4.79883|-0.01330|
|4.80729|-0.01327|
|4.81576|-0.01324|
|4.82422|-0.01322|
|4.83268|-0.01319|
|4.84115|-0.01316|
|4.84961|-0.01313|
|4.85807|-0.01311|
|4.86654|-0.01308|
|4.87500|-0.01305|
|4.88346|-0.01302|
|4.89193|-0.01300|
|4.90039|-0.01297|
|4.90885|-0.01294|
|4.91732|-0.01291|
|4.92578|-0.01289|
|4.93424|-0.01286|
|4.94271|-0.01283|
|4.95117|-0.01280|
|4.95964|-0.01278|
|4.96810|-0.01275|
|4.97656|-0.01272|
|4.98503|-0.01269|
|4.99349|-0.01267|
|5.00195|-0.01264|
|5.01042|-0.01261|
|5.01888|-0.01259|
|5.02734|-0.01256|
|5.03581|-0.01253|
|5.04427|-0.01250|
|5.05273|-0.01248|
|5.06120|-0.01245|
|5.06966|-0.01242|
|5.07812|-0.01240|
|5.08659|-0.01237|
|5.09505|-0.01234|
|5.10352|-0.01231|
|5.11198|-0.01229|
|5.12044|-0.01226|
|5.12891|-0.01223|
|5.13737|-0.01221|
|5.14583|-0.01218|
|5.15430|-0.01215|
|5.16276|-0.01213|
|5.17122|-0.01210|
|5.17969|-0.01207|
|5.18815|-0.01205|
|5.19661|-0.01202|
|5.20508|-0.01199|
|5.21354|-0.01197|
|5.22201|-0.01194|
|5.23047|-0.01191|
|5.23893|-0.01189|
|5.24740|-0.01186|
|5.25586|-0.01183|
|5.26432|-0.01181|
|5.27279|-0.01178|
|5.28125|-0.01175|
|5.28971|-0.01173|
|5.29818|-0.01170|
|5.30664|-0.01167|
|5.31510|-0.01165|
|5.32357|-0.01162|
|5.33203|-0.01159|
|5.34049|-0.01157|
|5.34896|-0.01154|
|5.35742|-0.01151|
|5.36589|-0.01149|
|5.37435|-0.01146|
|5.38281|-0.01144|
|5.39128|-0.01141|
|5.39974|-0.01138|
|5.40820|-0.01136|
|5.41667|-0.01133|
|5.42513|-0.01130|
|5.43359|-0.01128|
|5.44206|-0.01125|
|5.45052|-0.01123|
|5.45898|-0.01120|
|5.46745|-0.01117|
|5.47591|-0.01115|
|5.48437|-0.01112|
|5.49284|-0.01110|
|5.50130|-0.01107|
|5.50977|-0.01104|
|5.51823|-0.01102|
|5.52669|-0.01099|
|5.53516|-0.01097|
|5.54362|-0.01094|
|5.55208|-0.01091|
|5.56055|-0.01089|
|5.56901|-0.01086|
|5.57747|-0.01084|
|5.58594|-0.01081|
|5.59440|-0.01078|
|5.60286|-0.01076|
|5.61133|-0.01073|
|5.61979|-0.01071|
|5.62826|-0.01068|
|5.63672|-0.01066|
|5.64518|-0.01063|
|5.65365|-0.01061|
|5.66211|-0.01058|
|5.67057|-0.01055|
|5.67904|-0.01053|
|5.68750|-0.01050|
|5.69596|-0.01048|
|5.70443|-0.01045|
|5.71289|-0.01043|
|5.72135|-0.01040|
|5.72982|-0.01038|
|5.73828|-0.01035|
|5.74674|-0.01033|
|5.75521|-0.01030|
|5.76367|-0.01027|
|5.77214|-0.01025|
|5.78060|-0.01022|
|5.78906|-0.01020|
|5.79753|-0.01017|
|5.80599|-0.01015|
|5.81445|-0.01012|
|5.82292|-0.01010|
|5.83138|-0.01007|
|5.83984|-0.01005|
|5.84831|-0.01002|
|5.85677|-0.01000|
|5.86523|-0.00997|
|5.87370|-0.00995|
|5.88216|-0.00992|
|5.89062|-0.00990|
|5.89909|-0.00987|
|5.90755|-0.00985|
|5.91602|-0.00982|
|5.92448|-0.00980|
|5.93294|-0.00977|
|5.94141|-0.00975|
|5.94987|-0.00972|
|5.95833|-0.00970|
|5.96680|-0.00967|
|5.97526|-0.00965|
|5.98372|-0.00963|
|5.99219|-0.00960|
|6.00065|-0.00958|
|6.00911|-0.00955|
|6.01758|-0.00953|
|6.02604|-0.00950|
|6.03451|-0.00948|
|6.04297|-0.00945|
|6.05143|-0.00943|
|6.05990|-0.00940|
|6.06836|-0.00938|
|6.07682|-0.00936|
|6.08529|-0.00933|
|6.09375|-0.00931|
|6.10221|-0.00928|
|6.11068|-0.00926|
|6.11914|-0.00923|
|6.12760|-0.00921|
|6.13607|-0.00919|
|6.14453|-0.00916|
|6.15299|-0.00914|
|6.16146|-0.00911|
|6.16992|-0.00909|
|6.17839|-0.00906|
|6.18685|-0.00904|
|6.19531|-0.00902|
|6.20378|-0.00899|
|6.21224|-0.00897|
|6.22070|-0.00894|
|6.22917|-0.00892|
|6.23763|-0.00890|
|6.24609|-0.00887|
|6.25456|-0.00885|
|6.26302|-0.00883|
|6.27148|-0.00880|
|6.27995|-0.00878|
|6.28841|-0.00875|
|6.29687|-0.00873|
|6.30534|-0.00871|
|6.31380|-0.00868|
|6.32227|-0.00866|
|6.33073|-0.00864|
|6.33919|-0.00861|
|6.34766|-0.00859|
|6.35612|-0.00856|
|6.36458|-0.00854|
|6.37305|-0.00852|
|6.38151|-0.00849|
|6.38997|-0.00847|
|6.39844|-0.00845|
|6.40690|-0.00842|
|6.41536|-0.00840|
|6.42383|-0.00838|
|6.43229|-0.00835|
|6.44076|-0.00833|
|6.44922|-0.00831|
|6.45768|-0.00828|
|6.46615|-0.00826|
|6.47461|-0.00824|
|6.48307|-0.00821|
|6.49154|-0.00819|
|6.50000|-0.00817|
|6.50846|-0.00814|
|6.51693|-0.00812|
|6.52539|-0.00810|
|6.53385|-0.00808|
|6.54232|-0.00805|
|6.55078|-0.00803|
|6.55924|-0.00801|
|6.56771|-0.00798|
|6.57617|-0.00796|
|6.58464|-0.00794|
|6.59310|-0.00791|
|6.60156|-0.00789|
|6.61003|-0.00787|
|6.61849|-0.00785|
|6.62695|-0.00782|
|6.63542|-0.00780|
|6.64388|-0.00778|
|6.65234|-0.00776|
|6.66081|-0.00773|
|6.66927|-0.00771|
|6.67773|-0.00769|
|6.68620|-0.00767|
|6.69466|-0.00764|
|6.70312|-0.00762|
|6.71159|-0.00760|
|6.72005|-0.00758|
|6.72852|-0.00755|
|6.73698|-0.00753|
|6.74544|-0.00751|
|6.75391|-0.00749|
|6.76237|-0.00746|
|6.77083|-0.00744|
|6.77930|-0.00742|
|6.78776|-0.00740|
|6.79622|-0.00737|
|6.80469|-0.00735|
|6.81315|-0.00733|
|6.82161|-0.00731|
|6.83008|-0.00729|
|6.83854|-0.00726|
|6.84701|-0.00724|
|6.85547|-0.00722|
|6.86393|-0.00720|
|6.87240|-0.00718|
|6.88086|-0.00715|
|6.88932|-0.00713|
|6.89779|-0.00711|
|6.90625|-0.00709|
|6.91471|-0.00707|
|6.92318|-0.00704|
|6.93164|-0.00702|
|6.94010|-0.00700|
|6.94857|-0.00698|
|6.95703|-0.00696|
|6.96549|-0.00694|
|6.97396|-0.00691|
|6.98242|-0.00689|
|6.99089|-0.00687|
|6.99935|-0.00685|
|7.00781|-0.00683|
|7.01628|-0.00681|
|7.02474|-0.00678|
|7.03320|-0.00676|
|7.04167|-0.00674|
|7.05013|-0.00672|
|7.05859|-0.00670|
|7.06706|-0.00668|
|7.07552|-0.00666|
|7.08398|-0.00663|
|7.09245|-0.00661|
|7.10091|-0.00659|
|7.10937|-0.00657|
|7.11784|-0.00655|
|7.12630|-0.00653|
|7.13477|-0.00651|
|7.14323|-0.00649|
|7.15169|-0.00647|
|7.16016|-0.00644|
|7.16862|-0.00642|
|7.17708|-0.00640|
|7.18555|-0.00638|
|7.19401|-0.00636|
|7.20247|-0.00634|
|7.21094|-0.00632|
|7.21940|-0.00630|
|7.22786|-0.00628|
|7.23633|-0.00626|
|7.24479|-0.00624|
|7.25326|-0.00621|
|7.26172|-0.00619|
|7.27018|-0.00617|
|7.27865|-0.00615|
|7.28711|-0.00613|
|7.29557|-0.00611|
|7.30404|-0.00609|
|7.31250|-0.00607|
|7.32096|-0.00605|
|7.32943|-0.00603|
|7.33789|-0.00601|
|7.34635|-0.00599|
|7.35482|-0.00597|
|7.36328|-0.00595|
|7.37174|-0.00593|
|7.38021|-0.00591|
|7.38867|-0.00589|
|7.39714|-0.00587|
|7.40560|-0.00585|
|7.41406|-0.00582|
|7.42253|-0.00580|
|7.43099|-0.00578|
|7.43945|-0.00576|
|7.44792|-0.00574|
|7.45638|-0.00572|
|7.46484|-0.00570|
|7.47331|-0.00568|
|7.48177|-0.00566|
|7.49023|-0.00564|
|7.49870|-0.00562|
|7.50716|-0.00560|
|7.51562|-0.00558|
|7.52409|-0.00556|
|7.53255|-0.00554|
|7.54102|-0.00552|
|7.54948|-0.00550|
|7.55794|-0.00549|
|7.56641|-0.00547|
|7.57487|-0.00545|
|7.58333|-0.00543|
|7.59180|-0.00541|
|7.60026|-0.00539|
|7.60872|-0.00537|
|7.61719|-0.00535|
|7.62565|-0.00533|
|7.63411|-0.00531|
|7.64258|-0.00529|
|7.65104|-0.00527|
|7.65951|-0.00525|
|7.66797|-0.00523|
|7.67643|-0.00521|
|7.68490|-0.00519|
|7.69336|-0.00517|
|7.70182|-0.00515|
|7.71029|-0.00513|
|7.71875|-0.00511|
|7.72721|-0.00510|
|7.73568|-0.00508|
|7.74414|-0.00506|
|7.75260|-0.00504|
|7.76107|-0.00502|
|7.76953|-0.00500|
|7.77799|-0.00498|
|7.78646|-0.00496|
|7.79492|-0.00494|
|7.80339|-0.00492|
|7.81185|-0.00490|
|7.82031|-0.00489|
|7.82878|-0.00487|
|7.83724|-0.00485|
|7.84570|-0.00483|
|7.85417|-0.00481|
|7.86263|-0.00479|
|7.87109|-0.00477|
|7.87956|-0.00475|
|7.88802|-0.00474|
|7.89648|-0.00472|
|7.90495|-0.00470|
|7.91341|-0.00468|
|7.92187|-0.00466|
|7.93034|-0.00464|
|7.93880|-0.00462|
|7.94727|-0.00461|
|7.95573|-0.00459|
|7.96419|-0.00457|
|7.97266|-0.00455|
|7.98112|-0.00453|
|7.98958|-0.00451|
|7.99805|-0.00450|
|8.00651|-0.00448|
|8.01497|-0.00446|
|8.02344|-0.00444|
|8.03190|-0.00442|
|8.04036|-0.00440|
|8.04883|-0.00439|
|8.05729|-0.00437|
|8.06576|-0.00435|
|8.07422|-0.00433|
|8.08268|-0.00431|
|8.09115|-0.00430|
|8.09961|-0.00428|
|8.10807|-0.00426|
|8.11654|-0.00424|
|8.12500|-0.00422|
|8.13346|-0.00421|
|8.14193|-0.00419|
|8.15039|-0.00417|
|8.15885|-0.00415|
|8.16732|-0.00413|
|8.17578|-0.00412|
|8.18424|-0.00410|
|8.19271|-0.00408|
|8.20117|-0.00406|
|8.20964|-0.00405|
|8.21810|-0.00403|
|8.22656|-0.00401|
|8.23503|-0.00399|
|8.24349|-0.00398|
|8.25195|-0.00396|
|8.26042|-0.00394|
|8.26888|-0.00392|
|8.27734|-0.00391|
|8.28581|-0.00389|
|8.29427|-0.00387|
|8.30273|-0.00385|
|8.31120|-0.00384|
|8.31966|-0.00382|
|8.32812|-0.00380|
|8.33659|-0.00378|
|8.34505|-0.00377|
|8.35352|-0.00375|
|8.36198|-0.00373|
|8.37044|-0.00372|
|8.37891|-0.00370|
|8.38737|-0.00368|
|8.39583|-0.00366|
|8.40430|-0.00365|
|8.41276|-0.00363|
|8.42122|-0.00361|
|8.42969|-0.00360|
|8.43815|-0.00358|
|8.44661|-0.00356|
|8.45508|-0.00355|
|8.46354|-0.00353|
|8.47201|-0.00351|
|8.48047|-0.00350|
|8.48893|-0.00348|
|8.49740|-0.00346|
|8.50586|-0.00345|
|8.51432|-0.00343|
|8.52279|-0.00341|
|8.53125|-0.00340|
|8.53971|-0.00338|
|8.54818|-0.00336|
|8.55664|-0.00335|
|8.56510|-0.00333|
|8.57357|-0.00331|
|8.58203|-0.00330|
|8.59049|-0.00328|
|8.59896|-0.00326|
|8.60742|-0.00325|
|8.61589|-0.00323|
|8.62435|-0.00322|
|8.63281|-0.00320|
|8.64128|-0.00318|
|8.64974|-0.00317|
|8.65820|-0.00315|
|8.66667|-0.00313|
|8.67513|-0.00312|
|8.68359|-0.00310|
|8.69206|-0.00309|
|8.70052|-0.00307|
|8.70898|-0.00305|
|8.71745|-0.00304|
|8.72591|-0.00302|
|8.73437|-0.00301|
|8.74284|-0.00299|
|8.75130|-0.00297|
|8.75977|-0.00296|
|8.76823|-0.00294|
|8.77669|-0.00293|
|8.78516|-0.00291|
|8.79362|-0.00290|
|8.80208|-0.00288|
|8.81055|-0.00286|
|8.81901|-0.00285|
|8.82747|-0.00283|
|8.83594|-0.00282|
|8.84440|-0.00280|
|8.85286|-0.00279|
|8.86133|-0.00277|
|8.86979|-0.00276|
|8.87826|-0.00274|
|8.88672|-0.00272|
|8.89518|-0.00271|
|8.90365|-0.00269|
|8.91211|-0.00268|
|8.92057|-0.00266|
|8.92904|-0.00265|
|8.93750|-0.00263|
|8.94596|-0.00262|
|8.95443|-0.00260|
|8.96289|-0.00259|
|8.97135|-0.00257|
|8.97982|-0.00256|
|8.98828|-0.00254|
|8.99674|-0.00253|
|9.00521|-0.00251|
|9.01367|-0.00250|
|9.02214|-0.00248|
|9.03060|-0.00247|
|9.03906|-0.00245|
|9.04753|-0.00244|
|9.05599|-0.00242|
|9.06445|-0.00241|
|9.07292|-0.00239|
|9.08138|-0.00238|
|9.08984|-0.00236|
|9.09831|-0.00235|
|9.10677|-0.00233|
|9.11523|-0.00232|
|9.12370|-0.00230|
|9.13216|-0.00229|
|9.14062|-0.00227|
|9.14909|-0.00226|
|9.15755|-0.00224|
|9.16602|-0.00223|
|9.17448|-0.00222|
|9.18294|-0.00220|
|9.19141|-0.00219|
|9.19987|-0.00217|
|9.20833|-0.00216|
|9.21680|-0.00214|
|9.22526|-0.00213|
|9.23372|-0.00211|
|9.24219|-0.00210|
|9.25065|-0.00209|
|9.25911|-0.00207|
|9.26758|-0.00206|
|9.27604|-0.00204|
|9.28451|-0.00203|
|9.29297|-0.00202|
|9.30143|-0.00200|
|9.30990|-0.00199|
|9.31836|-0.00197|
|9.32682|-0.00196|
|9.33529|-0.00194|
|9.34375|-0.00193|
|9.35221|-0.00192|
|9.36068|-0.00190|
|9.36914|-0.00189|
|9.37760|-0.00188|
|9.38607|-0.00186|
|9.39453|-0.00185|
|9.40299|-0.00183|
|9.41146|-0.00182|
|9.41992|-0.00181|
|9.42839|-0.00179|
|9.43685|-0.00178|
|9.44531|-0.00177|
|9.45378|-0.00175|
|9.46224|-0.00174|
|9.47070|-0.00172|
|9.47917|-0.00171|
|9.48763|-0.00170|
|9.49609|-0.00168|
|9.50456|-0.00167|
|9.51302|-0.00166|
|9.52148|-0.00164|
|9.52995|-0.00163|
|9.53841|-0.00162|
|9.54687|-0.00160|
|9.55534|-0.00159|
|9.56380|-0.00158|
|9.57227|-0.00156|
|9.58073|-0.00155|
|9.58919|-0.00154|
|9.59766|-0.00152|
|9.60612|-0.00151|
|9.61458|-0.00150|
|9.62305|-0.00148|
|9.63151|-0.00147|
|9.63997|-0.00146|
|9.64844|-0.00145|
|9.65690|-0.00143|
|9.66536|-0.00142|
|9.67383|-0.00141|
|9.68229|-0.00139|
|9.69076|-0.00138|
|9.69922|-0.00137|
|9.70768|-0.00135|
|9.71615|-0.00134|
|9.72461|-0.00133|
|9.73307|-0.00132|
|9.74154|-0.00130|
|9.75000|-0.00129|
|9.75846|-0.00128|
|9.76693|-0.00127|
|9.77539|-0.00125|
|9.78385|-0.00124|
|9.79232|-0.00123|
|9.80078|-0.00121|
|9.80924|-0.00120|
|9.81771|-0.00119|
|9.82617|-0.00118|
|9.83464|-0.00116|
|9.84310|-0.00115|
|9.85156|-0.00114|
|9.86003|-0.00113|
|9.86849|-0.00112|
|9.87695|-0.00110|
|9.88542|-0.00109|
|9.89388|-0.00108|
|9.90234|-0.00107|
|9.91081|-0.00105|
|9.91927|-0.00104|
|9.92773|-0.00103|
|9.93620|-0.00102|
|9.94466|-0.00101|
|9.95313|-0.00099|
|9.96159|-0.00098|
|9.97005|-0.00097|
|9.97852|-0.00096|
|9.98698|-0.00095|
|9.99544|-0.00093|
|10.00391|-0.00092|
|10.01237|-0.00091|
|10.02083|-0.00090|
|10.02930|-0.00089|
|10.03776|-0.00087|
|10.04622|-0.00086|
|10.05469|-0.00085|
|10.06315|-0.00084|
|10.07161|-0.00083|
|10.08008|-0.00081|
|10.08854|-0.00080|
|10.09701|-0.00079|
|10.10547|-0.00078|
|10.11393|-0.00077|
|10.12240|-0.00076|
|10.13086|-0.00074|
|10.13932|-0.00073|
|10.14779|-0.00072|
|10.15625|-0.00071|
|10.16471|-0.00070|
|10.17318|-0.00069|
|10.18164|-0.00068|
|10.19010|-0.00066|
|10.19857|-0.00065|
|10.20703|-0.00064|
|10.21549|-0.00063|
|10.22396|-0.00062|
|10.23242|-0.00061|
|10.24089|-0.00060|
|10.24935|-0.00059|
|10.25781|-0.00057|
|10.26628|-0.00056|
|10.27474|-0.00055|
|10.28320|-0.00054|
|10.29167|-0.00053|
|10.30013|-0.00052|
|10.30859|-0.00051|
|10.31706|-0.00050|
|10.32552|-0.00049|
|10.33398|-0.00047|
|10.34245|-0.00046|
|10.35091|-0.00045|
|10.35938|-0.00044|
|10.36784|-0.00043|
|10.37630|-0.00042|
|10.38477|-0.00041|
|10.39323|-0.00040|
|10.40169|-0.00039|
|10.41016|-0.00038|
|10.41862|-0.00037|
|10.42708|-0.00036|
|10.43555|-0.00035|
|10.44401|-0.00033|
|10.45247|-0.00032|
|10.46094|-0.00031|
|10.46940|-0.00030|
|10.47786|-0.00029|
|10.48633|-0.00028|
|10.49479|-0.00027|
|10.50326|-0.00026|
|10.51172|-0.00025|
|10.52018|-0.00024|
|10.52865|-0.00023|
|10.53711|-0.00022|
|10.54557|-0.00021|
|10.55404|-0.00020|
|10.56250|-0.00019|
|10.57096|-0.00018|
|10.57943|-0.00017|
|10.58789|-0.00016|
|10.59635|-0.00015|
|10.60482|-0.00014|
|10.61328|-0.00013|
|10.62174|-0.00012|
|10.63021|-0.00011|
|10.63867|-0.00010|
|10.64714|-0.00009|
|10.65560|-0.00008|
|10.66406|-0.00007|
|10.67253|-0.00006|
|10.68099|-0.00005|
|10.68945|-0.00004|
|10.69792|-0.00003|
|10.70638|-0.00002|
|10.71484|-0.00001|
|10.72331|0.00000|
|10.73177|0.00001|
|10.74023|0.00002|
|10.74870|0.00003|
|10.75716|0.00004|
|10.76563|0.00005|
|10.77409|0.00006|
|10.78255|0.00007|
|10.79102|0.00008|
|10.79948|0.00009|
|10.80794|0.00010|
|10.81641|0.00011|
|10.82487|0.00012|
|10.83333|0.00013|
|10.84180|0.00014|
|10.85026|0.00015|
|10.85872|0.00016|
|10.86719|0.00017|
|10.87565|0.00018|
|10.88411|0.00019|
|10.89258|0.00020|
|10.90104|0.00020|
|10.90951|0.00021|
|10.91797|0.00022|
|10.92643|0.00023|
|10.93490|0.00024|
|10.94336|0.00025|
|10.95182|0.00026|
|10.96029|0.00027|
|10.96875|0.00028|
|10.97721|0.00029|
|10.98568|0.00030|
|10.99414|0.00031|
|11.00260|0.00032|
|11.01107|0.00032|
|11.01953|0.00033|
|11.02799|0.00034|
|11.03646|0.00035|
|11.04492|0.00036|
|11.05339|0.00037|
|11.06185|0.00038|
|11.07031|0.00039|
|11.07878|0.00040|
|11.08724|0.00040|
|11.09570|0.00041|
|11.10417|0.00042|
|11.11263|0.00043|
|11.12109|0.00044|
|11.12956|0.00045|
|11.13802|0.00046|
|11.14648|0.00047|
|11.15495|0.00047|
|11.16341|0.00048|
|11.17188|0.00049|
|11.18034|0.00050|
|11.18880|0.00051|
|11.19727|0.00052|
|11.20573|0.00053|
|11.21419|0.00053|
|11.22266|0.00054|
|11.23112|0.00055|
|11.23958|0.00056|
|11.24805|0.00057|
|11.25651|0.00058|
|11.26497|0.00059|
|11.27344|0.00059|
|11.28190|0.00060|
|11.29036|0.00061|
|11.29883|0.00062|
|11.30729|0.00063|
|11.31576|0.00064|
|11.32422|0.00064|
|11.33268|0.00065|
|11.34115|0.00066|
|11.34961|0.00067|
|11.35807|0.00068|
|11.36654|0.00068|
|11.37500|0.00069|
|11.38346|0.00070|
|11.39193|0.00071|
|11.40039|0.00072|
|11.40885|0.00072|
|11.41732|0.00073|
|11.42578|0.00074|
|11.43424|0.00075|
|11.44271|0.00076|
|11.45117|0.00076|
|11.45964|0.00077|
|11.46810|0.00078|
|11.47656|0.00079|
|11.48503|0.00080|
|11.49349|0.00080|
|11.50195|0.00081|
|11.51042|0.00082|
|11.51888|0.00083|
|11.52734|0.00083|
|11.53581|0.00084|
|11.54427|0.00085|
|11.55273|0.00086|
|11.56120|0.00086|
|11.56966|0.00087|
|11.57813|0.00088|
|11.58659|0.00089|
|11.59505|0.00089|
|11.60352|0.00090|
|11.61198|0.00091|
|11.62044|0.00092|
|11.62891|0.00092|
|11.63737|0.00093|
|11.64583|0.00094|
|11.65430|0.00095|
|11.66276|0.00095|
|11.67122|0.00096|
|11.67969|0.00097|
|11.68815|0.00098|
|11.69661|0.00098|
|11.70508|0.00099|
|11.71354|0.00100|
|11.72201|0.00101|
|11.73047|0.00101|
|11.73893|0.00102|
|11.74740|0.00103|
|11.75586|0.00103|
|11.76432|0.00104|
|11.77279|0.00105|
|11.78125|0.00106|
|11.78971|0.00106|
|11.79818|0.00107|
|11.80664|0.00108|
|11.81510|0.00108|
|11.82357|0.00109|
|11.83203|0.00110|
|11.84049|0.00110|
|11.84896|0.00111|
|11.85742|0.00112|
|11.86589|0.00112|
|11.87435|0.00113|
|11.88281|0.00114|
|11.89128|0.00114|
|11.89974|0.00115|
|11.90820|0.00116|
|11.91667|0.00117|
|11.92513|0.00117|
|11.93359|0.00118|
|11.94206|0.00119|
|11.95052|0.00119|
|11.95898|0.00120|
|11.96745|0.00120|
|11.97591|0.00121|
|11.98438|0.00122|
|11.99284|0.00122|
|12.00130|0.00123|
|12.00977|0.00124|
|12.01823|0.00124|
|12.02669|0.00125|
|12.03516|0.00126|
|12.04362|0.00126|
|12.05208|0.00127|
|12.06055|0.00128|
|12.06901|0.00128|
|12.07747|0.00129|
|12.08594|0.00130|
|12.09440|0.00130|
|12.10286|0.00131|
|12.11133|0.00131|
|12.11979|0.00132|
|12.12826|0.00133|
|12.13672|0.00133|
|12.14518|0.00134|
|12.15365|0.00135|
|12.16211|0.00135|
|12.17057|0.00136|
|12.17904|0.00136|
|12.18750|0.00137|
|12.19596|0.00138|
|12.20443|0.00138|
|12.21289|0.00139|
|12.22135|0.00139|
|12.22982|0.00140|
|12.23828|0.00141|
|12.24674|0.00141|
|12.25521|0.00142|
|12.26367|0.00142|
|12.27214|0.00143|
|12.28060|0.00144|
|12.28906|0.00144|
|12.29753|0.00145|
|12.30599|0.00145|
|12.31445|0.00146|
|12.32292|0.00146|
|12.33138|0.00147|
|12.33984|0.00148|
|12.34831|0.00148|
|12.35677|0.00149|
|12.36523|0.00149|
|12.37370|0.00150|
|12.38216|0.00150|
|12.39063|0.00151|
|12.39909|0.00152|
|12.40755|0.00152|
|12.41602|0.00153|
|12.42448|0.00153|
|12.43294|0.00154|
|12.44141|0.00154|
|12.44987|0.00155|
|12.45833|0.00155|
|12.46680|0.00156|
|12.47526|0.00156|
|12.48372|0.00157|
|12.49219|0.00158|
|12.50065|0.00158|
|12.50911|0.00159|
|12.51758|0.00159|
|12.52604|0.00160|
|12.53451|0.00160|
|12.54297|0.00161|
|12.55143|0.00161|
|12.55990|0.00162|
|12.56836|0.00162|
|12.57682|0.00163|
|12.58529|0.00163|
|12.59375|0.00164|
|12.60221|0.00164|
|12.61068|0.00165|
|12.61914|0.00165|
|12.62760|0.00166|
|12.63607|0.00166|
|12.64453|0.00167|
|12.65299|0.00167|
|12.66146|0.00168|
|12.66992|0.00168|
|12.67839|0.00169|
|12.68685|0.00169|
|12.69531|0.00170|
|12.70378|0.00170|
|12.71224|0.00171|
|12.72070|0.00171|
|12.72917|0.00172|
|12.73763|0.00172|
|12.74609|0.00173|
|12.75456|0.00173|
|12.76302|0.00174|
|12.77148|0.00174|
|12.77995|0.00175|
|12.78841|0.00175|
|12.79688|0.00176|
|12.80534|0.00176|
|12.81380|0.00177|
|12.82227|0.00177|
|12.83073|0.00178|
|12.83919|0.00178|
|12.84766|0.00179|
|12.85612|0.00179|
|12.86458|0.00179|
|12.87305|0.00180|
|12.88151|0.00180|
|12.88997|0.00181|
|12.89844|0.00181|
|12.90690|0.00182|
|12.91536|0.00182|
|12.92383|0.00183|
|12.93229|0.00183|
|12.94076|0.00183|
|12.94922|0.00184|
|12.95768|0.00184|
|12.96615|0.00185|
|12.97461|0.00185|
|12.98307|0.00186|
|12.99154|0.00186|
|13.00000|0.00187|
|13.00846|0.00187|
|13.01693|0.00187|
|13.02539|0.00188|
|13.03385|0.00188|
|13.04232|0.00189|
|13.05078|0.00189|
|13.05924|0.00189|
|13.06771|0.00190|
|13.07617|0.00190|
|13.08464|0.00191|
|13.09310|0.00191|
|13.10156|0.00192|
|13.11003|0.00192|
|13.11849|0.00192|
|13.12695|0.00193|
|13.13542|0.00193|
|13.14388|0.00194|
|13.15234|0.00194|
|13.16081|0.00194|
|13.16927|0.00195|
|13.17773|0.00195|
|13.18620|0.00196|
|13.19466|0.00196|
|13.20313|0.00196|
|13.21159|0.00197|
|13.22005|0.00197|
|13.22852|0.00198|
|13.23698|0.00198|
|13.24544|0.00198|
|13.25391|0.00199|
|13.26237|0.00199|
|13.27083|0.00199|
|13.27930|0.00200|
|13.28776|0.00200|
|13.29622|0.00201|
|13.30469|0.00201|
|13.31315|0.00201|
|13.32161|0.00202|
|13.33008|0.00202|
|13.33854|0.00202|
|13.34701|0.00203|
|13.35547|0.00203|
|13.36393|0.00203|
|13.37240|0.00204|
|13.38086|0.00204|
|13.38932|0.00205|
|13.39779|0.00205|
|13.40625|0.00205|
|13.41471|0.00206|
|13.42318|0.00206|
|13.43164|0.00206|
|13.44010|0.00207|
|13.44857|0.00207|
|13.45703|0.00207|
|13.46549|0.00208|
|13.47396|0.00208|
|13.48242|0.00208|
|13.49089|0.00209|
|13.49935|0.00209|
|13.50781|0.00209|
|13.51628|0.00210|
|13.52474|0.00210|
|13.53320|0.00210|
|13.54167|0.00211|
|13.55013|0.00211|
|13.55859|0.00211|
|13.56706|0.00212|
|13.57552|0.00212|
|13.58398|0.00212|
|13.59245|0.00213|
|13.60091|0.00213|
|13.60938|0.00213|
|13.61784|0.00213|
|13.62630|0.00214|
|13.63477|0.00214|
|13.64323|0.00214|
|13.65169|0.00215|
|13.66016|0.00215|
|13.66862|0.00215|
|13.67708|0.00216|
|13.68555|0.00216|
|13.69401|0.00216|
|13.70247|0.00216|
|13.71094|0.00217|
|13.71940|0.00217|
|13.72786|0.00217|
|13.73633|0.00218|
|13.74479|0.00218|
|13.75326|0.00218|
|13.76172|0.00219|
|13.77018|0.00219|
|13.77865|0.00219|
|13.78711|0.00219|
|13.79557|0.00220|
|13.80404|0.00220|
|13.81250|0.00220|
|13.82096|0.00220|
|13.82943|0.00221|
|13.83789|0.00221|
|13.84635|0.00221|
|13.85482|0.00222|
|13.86328|0.00222|
|13.87174|0.00222|
|13.88021|0.00222|
|13.88867|0.00223|
|13.89714|0.00223|
|13.90560|0.00223|
|13.91406|0.00223|
|13.92253|0.00224|
|13.93099|0.00224|
|13.93945|0.00224|
|13.94792|0.00224|
|13.95638|0.00225|
|13.96484|0.00225|
|13.97331|0.00225|
|13.98177|0.00225|
|13.99023|0.00226|
|13.99870|0.00226|
|14.00716|0.00226|
|14.01563|0.00226|
|14.02409|0.00227|
|14.03255|0.00227|
|14.04102|0.00227|
|14.04948|0.00227|
|14.05794|0.00228|
|14.06641|0.00228|
|14.07487|0.00228|
|14.08333|0.00228|
|14.09180|0.00229|
|14.10026|0.00229|
|14.10872|0.00229|
|14.11719|0.00229|
|14.12565|0.00229|
|14.13411|0.00230|
|14.14258|0.00230|
|14.15104|0.00230|
|14.15951|0.00230|
|14.16797|0.00231|
|14.17643|0.00231|
|14.18490|0.00231|
|14.19336|0.00231|
|14.20182|0.00231|
|14.21029|0.00232|
|14.21875|0.00232|
|14.22721|0.00232|
|14.23568|0.00232|
|14.24414|0.00232|
|14.25260|0.00233|
|14.26107|0.00233|
|14.26953|0.00233|
|14.27799|0.00233|
|14.28646|0.00233|
|14.29492|0.00234|
|14.30339|0.00234|
|14.31185|0.00234|
|14.32031|0.00234|
|14.32878|0.00234|
|14.33724|0.00235|
|14.34570|0.00235|
|14.35417|0.00235|
|14.36263|0.00235|
|14.37109|0.00235|
|14.37956|0.00235|
|14.38802|0.00236|
|14.39648|0.00236|
|14.40495|0.00236|
|14.41341|0.00236|
|14.42188|0.00236|
|14.43034|0.00237|
|14.43880|0.00237|
|14.44727|0.00237|
|14.45573|0.00237|
|14.46419|0.00237|
|14.47266|0.00237|
|14.48112|0.00238|
|14.48958|0.00238|
|14.49805|0.00238|
|14.50651|0.00238|
|14.51497|0.00238|
|14.52344|0.00238|
|14.53190|0.00239|
|14.54036|0.00239|
|14.54883|0.00239|
|14.55729|0.00239|
|14.56576|0.00239|
|14.57422|0.00239|
|14.58268|0.00239|
|14.59115|0.00240|
|14.59961|0.00240|
|14.60807|0.00240|
|14.61654|0.00240|
|14.62500|0.00240|
|14.63346|0.00240|
|14.64193|0.00241|
|14.65039|0.00241|
|14.65885|0.00241|
|14.66732|0.00241|
|14.67578|0.00241|
|14.68424|0.00241|
|14.69271|0.00241|
|14.70117|0.00241|
|14.70964|0.00242|
|14.71810|0.00242|
|14.72656|0.00242|
|14.73503|0.00242|
|14.74349|0.00242|
|14.75195|0.00242|
|14.76042|0.00242|
|14.76888|0.00243|
|14.77734|0.00243|
|14.78581|0.00243|
|14.79427|0.00243|
|14.80273|0.00243|
|14.81120|0.00243|
|14.81966|0.00243|
|14.82813|0.00243|
|14.83659|0.00243|
|14.84505|0.00244|
|14.85352|0.00244|
|14.86198|0.00244|
|14.87044|0.00244|
|14.87891|0.00244|
|14.88737|0.00244|
|14.89583|0.00244|
|14.90430|0.00244|
|14.91276|0.00244|
|14.92122|0.00245|
|14.92969|0.00245|
|14.93815|0.00245|
|14.94661|0.00245|
|14.95508|0.00245|
|14.96354|0.00245|
|14.97201|0.00245|
|14.98047|0.00245|
|14.98893|0.00245|
|14.99740|0.00245|
|15.00586|0.00246|
|15.01432|0.00246|
|15.02279|0.00246|
|15.03125|0.00246|
|15.03971|0.00246|
|15.04818|0.00246|
|15.05664|0.00246|
|15.06510|0.00246|
|15.07357|0.00246|
|15.08203|0.00246|
|15.09049|0.00246|
|15.09896|0.00247|
|15.10742|0.00247|
|15.11589|0.00247|
|15.12435|0.00247|
|15.13281|0.00247|
|15.14128|0.00247|
|15.14974|0.00247|
|15.15820|0.00247|
|15.16667|0.00247|
|15.17513|0.00247|
|15.18359|0.00247|
|15.19206|0.00247|
|15.20052|0.00247|
|15.20898|0.00247|
|15.21745|0.00248|
|15.22591|0.00248|
|15.23438|0.00248|
|15.24284|0.00248|
|15.25130|0.00248|
|15.25977|0.00248|
|15.26823|0.00248|
|15.27669|0.00248|
|15.28516|0.00248|
|15.29362|0.00248|
|15.30208|0.00248|
|15.31055|0.00248|
|15.31901|0.00248|
|15.32747|0.00248|
|15.33594|0.00248|
|15.34440|0.00248|
|15.35286|0.00248|
|15.36133|0.00248|
|15.36979|0.00249|
|15.37826|0.00249|
|15.38672|0.00249|
|15.39518|0.00249|
|15.40365|0.00249|
|15.41211|0.00249|
|15.42057|0.00249|
|15.42904|0.00249|
|15.43750|0.00249|
|15.44596|0.00249|
|15.45443|0.00249|
|15.46289|0.00249|
|15.47135|0.00249|
|15.47982|0.00249|
|15.48828|0.00249|
|15.49674|0.00249|
|15.50521|0.00249|
|15.51367|0.00249|
|15.52214|0.00249|
|15.53060|0.00249|
|15.53906|0.00249|
|15.54753|0.00249|
|15.55599|0.00249|
|15.56445|0.00249|
|15.57292|0.00249|
|15.58138|0.00249|
|15.58984|0.00249|
|15.59831|0.00249|
|15.60677|0.00249|
|15.61523|0.00249|
|15.62370|0.00249|
|15.63216|0.00249|
|15.64063|0.00249|
|15.64909|0.00249|
|15.65755|0.00249|
|15.66602|0.00249|
|15.67448|0.00250|
|15.68294|0.00250|
|15.69141|0.00250|
|15.69987|0.00250|
|15.70833|0.00250|
|15.71680|0.00250|
|15.72526|0.00250|
|15.73372|0.00250|
|15.74219|0.00250|
|15.75065|0.00250|
|15.75911|0.00250|
|15.76758|0.00250|
|15.77604|0.00250|
|15.78451|0.00250|
|15.79297|0.00250|
|15.80143|0.00250|
|15.80990|0.00250|
|15.81836|0.00250|
|15.82682|0.00250|
|15.83529|0.00250|
|15.84375|0.00250|
|15.85221|0.00250|
|15.86068|0.00249|
|15.86914|0.00249|
|15.87760|0.00249|
|15.88607|0.00249|
|15.89453|0.00249|
|15.90299|0.00249|
|15.91146|0.00249|
|15.91992|0.00249|
|15.92839|0.00249|
|15.93685|0.00249|
|15.94531|0.00249|
|15.95378|0.00249|
|15.96224|0.00249|
|15.97070|0.00249|
|15.97917|0.00249|
|15.98763|0.00249|
|15.99609|0.00249|
|16.00456|0.00249|
|16.01302|0.00249|
|16.02148|0.00249|
|16.02995|0.00249|
|16.03841|0.00249|
|16.04688|0.00249|
|16.05534|0.00249|
|16.06380|0.00249|
|16.07227|0.00249|
|16.08073|0.00249|
|16.08919|0.00249|
|16.09766|0.00249|
|16.10612|0.00249|
|16.11458|0.00249|
|16.12305|0.00249|
|16.13151|0.00249|
|16.13997|0.00249|
|16.14844|0.00249|
|16.15690|0.00249|
|16.16536|0.00249|
|16.17383|0.00249|
|16.18229|0.00248|
|16.19076|0.00248|
|16.19922|0.00248|
|16.20768|0.00248|
|16.21615|0.00248|
|16.22461|0.00248|
|16.23307|0.00248|
|16.24154|0.00248|
|16.25000|0.00248|
|16.25846|0.00248|
|16.26693|0.00248|
|16.27539|0.00248|
|16.28385|0.00248|
|16.29232|0.00248|
|16.30078|0.00248|
|16.30924|0.00248|
|16.31771|0.00248|
|16.32617|0.00248|
|16.33464|0.00248|
|16.34310|0.00248|
|16.35156|0.00247|
|16.36003|0.00247|
|16.36849|0.00247|
|16.37695|0.00247|
|16.38542|0.00247|
|16.39388|0.00247|
|16.40234|0.00247|
|16.41081|0.00247|
|16.41927|0.00247|
|16.42773|0.00247|
|16.43620|0.00247|
|16.44466|0.00247|
|16.45313|0.00247|
|16.46159|0.00247|
|16.47005|0.00247|
|16.47852|0.00246|
|16.48698|0.00246|
|16.49544|0.00246|
|16.50391|0.00246|
|16.51237|0.00246|
|16.52083|0.00246|
|16.52930|0.00246|
|16.53776|0.00246|
|16.54622|0.00246|
|16.55469|0.00246|
|16.56315|0.00246|
|16.57161|0.00246|
|16.58008|0.00246|
|16.58854|0.00246|
|16.59701|0.00245|
|16.60547|0.00245|
|16.61393|0.00245|
|16.62240|0.00245|
|16.63086|0.00245|
|16.63932|0.00245|
|16.64779|0.00245|
|16.65625|0.00245|
|16.66471|0.00245|
|16.67318|0.00245|
|16.68164|0.00245|
|16.69010|0.00245|
|16.69857|0.00244|
|16.70703|0.00244|
|16.71549|0.00244|
|16.72396|0.00244|
|16.73242|0.00244|
|16.74089|0.00244|
|16.74935|0.00244|
|16.75781|0.00244|
|16.76628|0.00244|
|16.77474|0.00244|
|16.78320|0.00244|
|16.79167|0.00243|
|16.80013|0.00243|
|16.80859|0.00243|
|16.81706|0.00243|
|16.82552|0.00243|
|16.83398|0.00243|
|16.84245|0.00243|
|16.85091|0.00243|
|16.85938|0.00243|
|16.86784|0.00243|
|16.87630|0.00242|
|16.88477|0.00242|
|16.89323|0.00242|
|16.90169|0.00242|
|16.91016|0.00242|
|16.91862|0.00242|
|16.92708|0.00242|
|16.93555|0.00242|
|16.94401|0.00242|
|16.95247|0.00241|
|16.96094|0.00241|
|16.96940|0.00241|
|16.97786|0.00241|
|16.98633|0.00241|
|16.99479|0.00241|
|17.00326|0.00241|
|17.01172|0.00241|
|17.02018|0.00241|
|17.02865|0.00240|
|17.03711|0.00240|
|17.04557|0.00240|
|17.05404|0.00240|
|17.06250|0.00240|
|17.07096|0.00240|
|17.07943|0.00240|
|17.08789|0.00240|
|17.09635|0.00240|
|17.10482|0.00239|
|17.11328|0.00239|
|17.12174|0.00239|
|17.13021|0.00239|
|17.13867|0.00239|
|17.14714|0.00239|
|17.15560|0.00239|
|17.16406|0.00239|
|17.17253|0.00238|
|17.18099|0.00238|
|17.18945|0.00238|
|17.19792|0.00238|
|17.20638|0.00238|
|17.21484|0.00238|
|17.22331|0.00238|
|17.23177|0.00238|
|17.24023|0.00237|
|17.24870|0.00237|
|17.25716|0.00237|
|17.26563|0.00237|
|17.27409|0.00237|
|17.28255|0.00237|
|17.29102|0.00237|
|17.29948|0.00236|
|17.30794|0.00236|
|17.31641|0.00236|
|17.32487|0.00236|
|17.33333|0.00236|
|17.34180|0.00236|
|17.35026|0.00236|
|17.35872|0.00236|
|17.36719|0.00235|
|17.37565|0.00235|
|17.38411|0.00235|
|17.39258|0.00235|
|17.40104|0.00235|
|17.40951|0.00235|
|17.41797|0.00235|
|17.42643|0.00234|
|17.43490|0.00234|
|17.44336|0.00234|
|17.45182|0.00234|
|17.46029|0.00234|
|17.46875|0.00234|
|17.47721|0.00234|
|17.48568|0.00233|
|17.49414|0.00233|
|17.50260|0.00233|
|17.51107|0.00233|
|17.51953|0.00233|
|17.52799|0.00233|
|17.53646|0.00233|
|17.54492|0.00232|
|17.55339|0.00232|
|17.56185|0.00232|
|17.57031|0.00232|
|17.57878|0.00232|
|17.58724|0.00232|
|17.59570|0.00231|
|17.60417|0.00231|
|17.61263|0.00231|
|17.62109|0.00231|
|17.62956|0.00231|
|17.63802|0.00231|
|17.64648|0.00231|
|17.65495|0.00230|
|17.66341|0.00230|
|17.67188|0.00230|
|17.68034|0.00230|
|17.68880|0.00230|
|17.69727|0.00230|
|17.70573|0.00229|
|17.71419|0.00229|
|17.72266|0.00229|
|17.73112|0.00229|
|17.73958|0.00229|
|17.74805|0.00229|
|17.75651|0.00229|
|17.76497|0.00228|
|17.77344|0.00228|
|17.78190|0.00228|
|17.79036|0.00228|
|17.79883|0.00228|
|17.80729|0.00228|
|17.81576|0.00227|
|17.82422|0.00227|
|17.83268|0.00227|
|17.84115|0.00227|
|17.84961|0.00227|
|17.85807|0.00227|
|17.86654|0.00226|
|17.87500|0.00226|
|17.88346|0.00226|
|17.89193|0.00226|
|17.90039|0.00226|
|17.90885|0.00226|
|17.91732|0.00225|
|17.92578|0.00225|
|17.93424|0.00225|
|17.94271|0.00225|
|17.95117|0.00225|
|17.95964|0.00225|
|17.96810|0.00224|
|17.97656|0.00224|
|17.98503|0.00224|
|17.99349|0.00224|
|18.00195|0.00224|
|18.01042|0.00224|
|18.01888|0.00223|
|18.02734|0.00223|
|18.03581|0.00223|
|18.04427|0.00223|
|18.05273|0.00223|
|18.06120|0.00222|
|18.06966|0.00222|
|18.07813|0.00222|
|18.08659|0.00222|
|18.09505|0.00222|
|18.10352|0.00222|
|18.11198|0.00221|
|18.12044|0.00221|
|18.12891|0.00221|
|18.13737|0.00221|
|18.14583|0.00221|
|18.15430|0.00221|
|18.16276|0.00220|
|18.17122|0.00220|
|18.17969|0.00220|
|18.18815|0.00220|
|18.19661|0.00220|
|18.20508|0.00219|
|18.21354|0.00219|
|18.22201|0.00219|
|18.23047|0.00219|
|18.23893|0.00219|
|18.24740|0.00218|
|18.25586|0.00218|
|18.26432|0.00218|
|18.27279|0.00218|
|18.28125|0.00218|
|18.28971|0.00218|
|18.29818|0.00217|
|18.30664|0.00217|
|18.31510|0.00217|
|18.32357|0.00217|
|18.33203|0.00217|
|18.34049|0.00216|
|18.34896|0.00216|
|18.35742|0.00216|
|18.36589|0.00216|
|18.37435|0.00216|
|18.38281|0.00215|
|18.39128|0.00215|
|18.39974|0.00215|
|18.40820|0.00215|
|18.41667|0.00215|
|18.42513|0.00215|
|18.43359|0.00214|
|18.44206|0.00214|
|18.45052|0.00214|
|18.45898|0.00214|
|18.46745|0.00214|
|18.47591|0.00213|
|18.48438|0.00213|
|18.49284|0.00213|
|18.50130|0.00213|
|18.50977|0.00213|
|18.51823|0.00212|
|18.52669|0.00212|
|18.53516|0.00212|
|18.54362|0.00212|
|18.55208|0.00212|
|18.56055|0.00211|
|18.56901|0.00211|
|18.57747|0.00211|
|18.58594|0.00211|
|18.59440|0.00211|
|18.60286|0.00210|
|18.61133|0.00210|
|18.61979|0.00210|
|18.62826|0.00210|
|18.63672|0.00210|
|18.64518|0.00209|
|18.65365|0.00209|
|18.66211|0.00209|
|18.67057|0.00209|
|18.67904|0.00209|
|18.68750|0.00208|
|18.69596|0.00208|
|18.70443|0.00208|
|18.71289|0.00208|
|18.72135|0.00208|
|18.72982|0.00207|
|18.73828|0.00207|
|18.74674|0.00207|
|18.75521|0.00207|
|18.76367|0.00207|
|18.77214|0.00206|
|18.78060|0.00206|
|18.78906|0.00206|
|18.79753|0.00206|
|18.80599|0.00206|
|18.81445|0.00205|
|18.82292|0.00205|
|18.83138|0.00205|
|18.83984|0.00205|
|18.84831|0.00205|
|18.85677|0.00204|
|18.86523|0.00204|
|18.87370|0.00204|
|18.88216|0.00204|
|18.89063|0.00204|
|18.89909|0.00203|
|18.90755|0.00203|
|18.91602|0.00203|
|18.92448|0.00203|
|18.93294|0.00202|
|18.94141|0.00202|
|18.94987|0.00202|
|18.95833|0.00202|
|18.96680|0.00202|
|18.97526|0.00201|
|18.98372|0.00201|
|18.99219|0.00201|
|19.00065|0.00201|
|19.00911|0.00201|
|19.01758|0.00200|
|19.02604|0.00200|
|19.03451|0.00200|
|19.04297|0.00200|
|19.05143|0.00200|
|19.05990|0.00199|
|19.06836|0.00199|
|19.07682|0.00199|
|19.08529|0.00199|
|19.09375|0.00198|
|19.10221|0.00198|
|19.11068|0.00198|
|19.11914|0.00198|
|19.12760|0.00198|
|19.13607|0.00197|
|19.14453|0.00197|
|19.15299|0.00197|
|19.16146|0.00197|
|19.16992|0.00197|
|19.17839|0.00196|
|19.18685|0.00196|
|19.19531|0.00196|
|19.20378|0.00196|
|19.21224|0.00195|
|19.22070|0.00195|
|19.22917|0.00195|
|19.23763|0.00195|
|19.24609|0.00195|
|19.25456|0.00194|
|19.26302|0.00194|
|19.27148|0.00194|
|19.27995|0.00194|
|19.28841|0.00193|
|19.29687|0.00193|
|19.30534|0.00193|
|19.31380|0.00193|
|19.32227|0.00193|
|19.33073|0.00192|
|19.33919|0.00192|
|19.34766|0.00192|
|19.35612|0.00192|
|19.36458|0.00191|
|19.37305|0.00191|
|19.38151|0.00191|
|19.38997|0.00191|
|19.39844|0.00191|
|19.40690|0.00190|
|19.41536|0.00190|
|19.42383|0.00190|
|19.43229|0.00190|
|19.44076|0.00189|
|19.44922|0.00189|
|19.45768|0.00189|
|19.46615|0.00189|
|19.47461|0.00189|
|19.48307|0.00188|
|19.49154|0.00188|
|19.50000|0.00188|
|19.50846|0.00188|
|19.51693|0.00187|
|19.52539|0.00187|
|19.53385|0.00187|
|19.54232|0.00187|
|19.55078|0.00187|
|19.55924|0.00186|
|19.56771|0.00186|
|19.57617|0.00186|
|19.58464|0.00186|
|19.59310|0.00185|
|19.60156|0.00185|
|19.61003|0.00185|
|19.61849|0.00185|
|19.62695|0.00185|
|19.63542|0.00184|
|19.64388|0.00184|
|19.65234|0.00184|
|19.66081|0.00184|
|19.66927|0.00183|
|19.67773|0.00183|
|19.68620|0.00183|
|19.69466|0.00183|
|19.70312|0.00183|
|19.71159|0.00182|
|19.72005|0.00182|
|19.72852|0.00182|
|19.73698|0.00182|
|19.74544|0.00181|
|19.75391|0.00181|
|19.76237|0.00181|
|19.77083|0.00181|
|19.77930|0.00180|
|19.78776|0.00180|
|19.79622|0.00180|
|19.80469|0.00180|
|19.81315|0.00180|
|19.82161|0.00179|
|19.83008|0.00179|
|19.83854|0.00179|
|19.84701|0.00179|
|19.85547|0.00178|
|19.86393|0.00178|
|19.87240|0.00178|
|19.88086|0.00178|
|19.88932|0.00178|
|19.89779|0.00177|
|19.90625|0.00177|
|19.91471|0.00177|
|19.92318|0.00177|
|19.93164|0.00176|
|19.94010|0.00176|
|19.94857|0.00176|
|19.95703|0.00176|
|19.96549|0.00175|
|19.97396|0.00175|
|19.98242|0.00175|
|19.99089|0.00175|
|19.99935|0.00175|
|20.00781|0.00174|
|20.01628|0.00174|
|20.02474|0.00174|
|20.03320|0.00174|
|20.04167|0.00173|
|20.05013|0.00173|
|20.05859|0.00173|
|20.06706|0.00173|
|20.07552|0.00172|
|20.08398|0.00172|
|20.09245|0.00172|
|20.10091|0.00172|
|20.10937|0.00172|
|20.11784|0.00171|
|20.12630|0.00171|
|20.13477|0.00171|
|20.14323|0.00171|
|20.15169|0.00170|
|20.16016|0.00170|
|20.16862|0.00170|
|20.17708|0.00170|
|20.18555|0.00169|
|20.19401|0.00169|
|20.20247|0.00169|
|20.21094|0.00169|
|20.21940|0.00168|
|20.22786|0.00168|
|20.23633|0.00168|
|20.24479|0.00168|
|20.25326|0.00168|
|20.26172|0.00167|
|20.27018|0.00167|
|20.27865|0.00167|
|20.28711|0.00167|
|20.29557|0.00166|
|20.30404|0.00166|
|20.31250|0.00166|
|20.32096|0.00166|
|20.32943|0.00165|
|20.33789|0.00165|
|20.34635|0.00165|
|20.35482|0.00165|
|20.36328|0.00165|
|20.37174|0.00164|
|20.38021|0.00164|
|20.38867|0.00164|
|20.39714|0.00164|
|20.40560|0.00163|
|20.41406|0.00163|
|20.42253|0.00163|
|20.43099|0.00163|
|20.43945|0.00162|
|20.44792|0.00162|
|20.45638|0.00162|
|20.46484|0.00162|
|20.47331|0.00161|
|20.48177|0.00161|
|20.49023|0.00161|
|20.49870|0.00161|
|20.50716|0.00161|
|20.51562|0.00160|
|20.52409|0.00160|
|20.53255|0.00160|
|20.54102|0.00160|
|20.54948|0.00159|
|20.55794|0.00159|
|20.56641|0.00159|
|20.57487|0.00159|
|20.58333|0.00158|
|20.59180|0.00158|
|20.60026|0.00158|
|20.60872|0.00158|
|20.61719|0.00157|
|20.62565|0.00157|
|20.63411|0.00157|
|20.64258|0.00157|
|20.65104|0.00157|
|20.65951|0.00156|
|20.66797|0.00156|
|20.67643|0.00156|
|20.68490|0.00156|
|20.69336|0.00155|
|20.70182|0.00155|
|20.71029|0.00155|
|20.71875|0.00155|
|20.72721|0.00154|
|20.73568|0.00154|
|20.74414|0.00154|
|20.75260|0.00154|
|20.76107|0.00153|
|20.76953|0.00153|
|20.77799|0.00153|
|20.78646|0.00153|
|20.79492|0.00153|
|20.80339|0.00152|
|20.81185|0.00152|
|20.82031|0.00152|
|20.82878|0.00152|
|20.83724|0.00151|
|20.84570|0.00151|
|20.85417|0.00151|
|20.86263|0.00151|
|20.87109|0.00150|
|20.87956|0.00150|
|20.88802|0.00150|
|20.89648|0.00150|
|20.90495|0.00149|
|20.91341|0.00149|
|20.92187|0.00149|
|20.93034|0.00149|
|20.93880|0.00149|
|20.94727|0.00148|
|20.95573|0.00148|
|20.96419|0.00148|
|20.97266|0.00148|
|20.98112|0.00147|
|20.98958|0.00147|
|20.99805|0.00147|
|21.00651|0.00147|
|21.01497|0.00146|
|21.02344|0.00146|
|21.03190|0.00146|
|21.04036|0.00146|
|21.04883|0.00145|
|21.05729|0.00145|
|21.06576|0.00145|
|21.07422|0.00145|
|21.08268|0.00145|
|21.09115|0.00144|
|21.09961|0.00144|
|21.10807|0.00144|
|21.11654|0.00144|
|21.12500|0.00143|
|21.13346|0.00143|
|21.15039|0.00143|
|21.16732|0.00142|
|21.18424|0.00142|
|21.20117|0.00141|
|21.21810|0.00141|
|21.23503|0.00140|
|21.25195|0.00140|
|21.26888|0.00139|
|21.28581|0.00139|
|21.30273|0.00138|
|21.31966|0.00138|
|21.33659|0.00138|
|21.35352|0.00137|
|21.37044|0.00137|
|21.38737|0.00136|
|21.40430|0.00136|
|21.42122|0.00135|
|21.43815|0.00135|
|21.45508|0.00134|
|21.47201|0.00134|
|21.48893|0.00133|
|21.50586|0.00133|
|21.52279|0.00132|
|21.53971|0.00132|
|21.55664|0.00131|
|21.57357|0.00131|
|21.59049|0.00131|
|21.60742|0.00130|
|21.62435|0.00130|
|21.64128|0.00129|
|21.65820|0.00129|
|21.67513|0.00128|
|21.69206|0.00128|
|21.70898|0.00127|
|21.72591|0.00127|
|21.74284|0.00126|
|21.75977|0.00126|
|21.77669|0.00125|
|21.79362|0.00125|
|21.81055|0.00124|
|21.82747|0.00124|
|21.84440|0.00124|
|21.86133|0.00123|
|21.87826|0.00123|
|21.89518|0.00122|
|21.91211|0.00122|
|21.92904|0.00121|
|21.94596|0.00121|
|21.96289|0.00120|
|21.97982|0.00120|
|21.99674|0.00119|
|22.01367|0.00119|
|22.03060|0.00119|
|22.04753|0.00118|
|22.06445|0.00118|
|22.08138|0.00117|
|22.09831|0.00117|
|22.11523|0.00116|
|22.13216|0.00116|
|22.14909|0.00115|
|22.16602|0.00115|
|22.18294|0.00114|
|22.19987|0.00114|
|22.21680|0.00114|
|22.23372|0.00113|
|22.25065|0.00113|
|22.26758|0.00112|
|22.28451|0.00112|
|22.30143|0.00111|
|22.31836|0.00111|
|22.33529|0.00110|
|22.35221|0.00110|
|22.36914|0.00110|
|22.38607|0.00109|
|22.40299|0.00109|
|22.41992|0.00108|
|22.43685|0.00108|
|22.45378|0.00107|
|22.47070|0.00107|
|22.48763|0.00106|
|22.50456|0.00106|
|22.52148|0.00106|
|22.53841|0.00105|
|22.55534|0.00105|
|22.57227|0.00104|
|22.58919|0.00104|
|22.60612|0.00103|
|22.62305|0.00103|
|22.63997|0.00102|
|22.65690|0.00102|
|22.67383|0.00102|
|22.69076|0.00101|
|22.70768|0.00101|
|22.72461|0.00100|
|22.74154|0.00100|
|22.75846|0.00099|
|22.77539|0.00099|
|22.79232|0.00099|
|22.80924|0.00098|
|22.82617|0.00098|
|22.84310|0.00097|
|22.86003|0.00097|
|22.87695|0.00096|
|22.89388|0.00096|
|22.91081|0.00095|
|22.92773|0.00095|
|22.94466|0.00095|
|22.96159|0.00094|
|22.97852|0.00094|
|22.99544|0.00093|
|23.01237|0.00093|
|23.02930|0.00093|
|23.04622|0.00092|
|23.06315|0.00092|
|23.08008|0.00091|
|23.09701|0.00091|
|23.11393|0.00090|
|23.13086|0.00090|
|23.14779|0.00090|
|23.16471|0.00089|
|23.18164|0.00089|
|23.19857|0.00088|
|23.21549|0.00088|
|23.23242|0.00087|
|23.24935|0.00087|
|23.26628|0.00087|
|23.28320|0.00086|
|23.30013|0.00086|
|23.31706|0.00085|
|23.33398|0.00085|
|23.35091|0.00085|
|23.36784|0.00084|
|23.38477|0.00084|
|23.40169|0.00083|
|23.41862|0.00083|
|23.43555|0.00083|
|23.45247|0.00082|
|23.46940|0.00082|
|23.48633|0.00081|
|23.50326|0.00081|
|23.52018|0.00080|
|23.53711|0.00080|
|23.55404|0.00080|
|23.57096|0.00079|
|23.58789|0.00079|
|23.60482|0.00078|
|23.62174|0.00078|
|23.63867|0.00078|
|23.65560|0.00077|
|23.67253|0.00077|
|23.70638|0.00076|
|23.74023|0.00075|
|23.77409|0.00074|
|23.80794|0.00074|
|23.84180|0.00073|
|23.87565|0.00072|
|23.90951|0.00071|
|23.94336|0.00071|
|23.97721|0.00070|
|24.01107|0.00069|
|24.04492|0.00068|
|24.07878|0.00068|
|24.11263|0.00067|
|24.14648|0.00066|
|24.18034|0.00065|
|24.21419|0.00065|
|24.24805|0.00064|
|24.28190|0.00063|
|24.31576|0.00062|
|24.34961|0.00062|
|24.38346|0.00061|
|24.41732|0.00060|
|24.45117|0.00059|
|24.48503|0.00059|
|24.51888|0.00058|
|24.55273|0.00057|
|24.58659|0.00057|
|24.62044|0.00056|
|24.65430|0.00055|
|24.68815|0.00054|
|24.72201|0.00054|
|24.75586|0.00053|
|24.78971|0.00052|
|24.82357|0.00052|
|24.85742|0.00051|
|24.89128|0.00050|
|24.92513|0.00050|
|24.95898|0.00049|
|24.99284|0.00048|
|25.02669|0.00048|
|25.06055|0.00047|
|25.09440|0.00046|
|25.12826|0.00046|
|25.16211|0.00045|
|25.19596|0.00044|
|25.22982|0.00044|
|25.26367|0.00043|
|25.29753|0.00042|
|25.33138|0.00042|
|25.36523|0.00041|
|25.39909|0.00040|
|25.43294|0.00040|
|25.46680|0.00039|
|25.50065|0.00039|
|25.53451|0.00038|
|25.56836|0.00037|
|25.60221|0.00037|
|25.63607|0.00036|
|25.66992|0.00036|
|25.70378|0.00035|
|25.73763|0.00034|
|25.77148|0.00034|
|25.80534|0.00033|
|25.83919|0.00033|
|25.87305|0.00032|
|25.90690|0.00031|
|25.94076|0.00031|
|25.97461|0.00030|
|26.00846|0.00030|
|26.04232|0.00029|
|26.07617|0.00029|
|26.11003|0.00028|
|26.14388|0.00027|
|26.17773|0.00027|
|26.21159|0.00026|
|26.24544|0.00026|
|26.31315|0.00025|
|26.38086|0.00024|
|26.44857|0.00023|
|26.51628|0.00022|
|26.58398|0.00021|
|26.65169|0.00020|
|26.71940|0.00019|
|26.78711|0.00018|
|26.85482|0.00017|
|26.92253|0.00016|
|26.99023|0.00015|
|27.05794|0.00014|
|27.12565|0.00013|
|27.19336|0.00012|
|27.26107|0.00011|
|27.32878|0.00010|
|27.39648|0.00009|
|27.46419|0.00009|
|27.53190|0.00008|
|27.59961|0.00007|
|27.66732|0.00006|
|27.73503|0.00005|
|27.80273|0.00005|
|27.87044|0.00004|
|27.93815|0.00003|
|28.00586|0.00002|
|28.07357|0.00002|
|28.14128|0.00001|
|28.20898|0.00000|
|28.27669|-0.00000|
|28.34440|-0.00001|
|28.41211|-0.00002|
|28.47982|-0.00002|
|28.54753|-0.00003|
|28.61523|-0.00004|
|28.68294|-0.00004|
|28.75065|-0.00005|
|28.81836|-0.00005|
|28.88607|-0.00006|
|29.02148|-0.00007|
|29.15690|-0.00008|
|29.29232|-0.00009|
|29.42773|-0.00010|
|29.56315|-0.00011|
|29.69857|-0.00012|
|29.83398|-0.00013|
|29.96940|-0.00014|
|30.10482|-0.00014|
|30.24023|-0.00015|
|30.37565|-0.00016|
|30.51107|-0.00016|
|30.64648|-0.00017|
|30.78190|-0.00018|
|30.91732|-0.00018|
|31.05273|-0.00019|
|31.18815|-0.00019|
|31.32357|-0.00020|
|31.45898|-0.00020|
|31.59440|-0.00020|
|31.72982|-0.00021|
|31.86523|-0.00021|
|32.00065|-0.00021|
|32.13607|-0.00022|
|32.27148|-0.00022|
|32.40690|-0.00022|
|32.54232|-0.00022|
|32.67773|-0.00022|
|32.81315|-0.00022|
|32.94857|-0.00023|
|33.08398|-0.00023|
|33.21940|-0.00023|
|33.35482|-0.00023|
|33.49023|-0.00023|
|33.62565|-0.00023|
|33.76107|-0.00023|
|33.89648|-0.00023|
|34.03190|-0.00023|
|34.16732|-0.00022|
|34.30273|-0.00022|
|34.43815|-0.00022|
|34.57357|-0.00022|
|34.70898|-0.00022|
|34.84440|-0.00022|
|34.97982|-0.00022|
|35.11523|-0.00021|
|35.25065|-0.00021|
|35.38607|-0.00021|
|35.52148|-0.00021|
|35.65690|-0.00021|
|35.79232|-0.00020|
|35.92773|-0.00020|
|36.06315|-0.00020|
|36.19857|-0.00020|
|36.33398|-0.00019|
|36.46940|-0.00019|
|36.60482|-0.00019|
|36.74023|-0.00019|
|36.87565|-0.00018|
|37.01107|-0.00018|
|37.14648|-0.00018|
|37.28190|-0.00017|
|37.41732|-0.00017|
|37.55273|-0.00017|
|37.68815|-0.00016|
|37.82357|-0.00016|
|37.95898|-0.00016|
|38.09440|-0.00016|
|38.22982|-0.00015|
|38.36523|-0.00015|
|38.50065|-0.00015|
|38.63607|-0.00014|
|38.77148|-0.00014|
|38.90690|-0.00014|
|39.04232|-0.00013|
|39.17773|-0.00013|
|39.31315|-0.00013|
|39.44857|-0.00012|
|39.58398|-0.00012|
|39.71940|-0.00012|
|39.85482|-0.00011|
|39.99023|-0.00011|
|40.12565|-0.00011|
|40.26107|-0.00010|
|40.39648|-0.00010|
|40.53190|-0.00010|
|40.66732|-0.00010|
|40.80273|-0.00009|
|41.07357|-0.00009|
|41.34440|-0.00008|
|41.61523|-0.00008|
|41.88607|-0.00007|
|42.15690|-0.00007|
|42.42773|-0.00006|
|42.69857|-0.00006|
|42.96940|-0.00005|
|43.51107|-0.00004|
|44.05273|-0.00003|
|44.59440|-0.00003|
|45.13607|-0.00002|
|46.21940|-0.00001|
|48.38607|0.00000|
|50.55273|0.00001|
|54.88607|0.00001|
|59.21940|0.00000|
|63.55273|-0.00000|
|67.88607|-0.00000|
|72.21940|-0.00000|
|76.55273|-0.00000|
|80.88607|-0.00000|
|85.21940|-0.00000|
|93.88607|-0.00000|
|111.21940|-0.00000|
|128.55273|-0.00000|
|137.21940|-0.00000|
|145.88607|0.00000|
|154.55273|0.00000|
|163.21940|0.00000|
|171.88607|-0.00000|
|180.55273|-0.00000|
|197.88607|-0.00000|
|215.21940|0.00000|
|232.55273|0.00001|
|241.21940|0.00000|
|249.88607|-0.00000|
|258.55273|-0.00000|
|267.21940|-0.00000|
|275.88607|0.00000|
|284.55273|0.00000|
|293.21940|0.00000|
|301.88607|-0.00000|
